 48,  0, 48, 24,96,24, 1, 2,1,-1,0,1,4,0,4,0,1,1,1,2,1,3,1,4,0,0,1,0,2,0,3,0
  0,  0, 24,  0,24,96, 1, 1,4,-1,0,-1,1,-1,2,-1,3,4,1,0,1,1,1,2,1,3,1,0,4,4,0,0,0,1,0,2,0,3
240,  0,240, 48,72,48, 3, 4,2,-1,0,-1,1,2,3,0,1,1,3,0,2,1,1,2,1,4,0,0,0,1,1,0,2,0
144,  0,192,  0,48,72, 3, 5,3,-1,0,-1,1,-1,2,3,1,0,1,1,2,2,2,0,3,1,3,4,0,0,0,1,0,2,1,2
408,  0,408, 48,72,48, 3, 6,2,-1,1,1,0,2,3,0,3,1,3,0,2,1,2,2,2,4,0,1,1,1,2,1,2,0
312,  0,360,  0,48,72, 3, 3,3,-1,0,0,1,0,2,3,2,0,2,1,2,2,2,0,1,1,3,4,0,0,1,0,1,1,1,2
408, 96,408,144,72,48, 7, 8,2,-1,0,1,1,2,3,0,3,1,3,0,1,1,1,2,2,4,0,0,1,0,2,0,2,1
312, 96,360, 96,48,72, 7, 9,3,-1,0,-1,1,-1,2,3,2,0,1,1,1,2,2,0,3,1,1,4,0,0,1,0,0,1,0,2
240, 96,240,144,72,48, 7,10,2,-1,0,-1,1,2,1,0,3,1,3,0,2,1,2,2,2,4,0,0,0,1,1,1,2,1
144, 96,192, 96,48,72, 7, 7,3,0,0,0,1,-1,2,3,2,0,2,1,2,2,2,0,3,1,3,4,1,0,1,1,1,2,0,2
240,192,240,240,72,48,11,12,2,0,0,-1,1,2,3,0,2,1,3,0,2,1,2,2,1,4,1,0,2,0,0,1,1,1
144,192,192,192,48,72,11,11,3,-1,0,-1,1,0,2,3,1,0,2,1,2,2,2,0,2,1,3,4,0,0,0,1,1,1,1,2
408,192,480,192,72,48,13,14,2,-1,0,0,1,2,2,0,3,1,3,0,1,1,2,2,2,4,0,0,1,0,1,1,2,1
312,192,360,192,48,72,13,13,3,0,0,-1,1,-1,2,3,2,0,2,1,1,2,2,0,3,1,2,4,1,0,0,1,1,1,0,2
 72, 96, 72,144,72,48,15,16,2,-1,0,0,1,2,3,0,2,1,3,0,1,1,2,2,1,4,0,0,1,0,2,0,1,1
 96,192, 96,264,48,72,15,17,3,-1,0,-1,1,-1,2,3,1,0,2,1,1,2,2,0,3,1,2,4,0,0,0,1,0,2,1,1
  0, 96,  0,144,72,48,15,18,2,0,0,-1,1,2,2,0,3,1,3,0,2,1,2,2,2,4,0,1,1,1,2,1,1,0
  0,192, 48,192,48,72,15,15,3,0,0,-1,1,0,2,3,2,0,2,1,2,2,2,0,2,1,3,4,1,0,0,1,1,1,1,2
 48, 48, 96, 48,48,48,19,19,2,-1,0,-1,1,2,2,0,2,1,2,0,2,1,2,4,0,0,1,0,0,1,1,1