 Cecil,  0,  0, 2, 0, 20, 100, 100, 10, 10, 0
17,15,12,7,2
0,66,72,55,80
8|4|,0
-
0|1|4|6|
  Kain,  1,  1, 2, 0, 19,  95,  95,  0,  0, 1
16,13,13,4,2
26,66,72,55,80
10|,0
-
-
 Rydia,  2,  2, 1, 0, 13,  65,  65, 45, 45, 0
7,11,10,10,10
23,0,72,55,79
5|7|,0
0|3|6|
0|
Tellha,  3,  3, 3, 0, 27, 110, 110, 70, 70, 0
3,7,6,19,14
36,0,72,55,79
4|5|,0
0|1|2|3|4|5|6|
0|1|2|3|4|5|6|7|8|
  Yang,  4,  4, 2, 0, 20,  95,  95,  0,  0, 2
16,16,10,7,3
20,21,72,55,79
18|, 0
-
-
 Porom,  5,  5, 2, 0, 16,  80,  80, 60, 60, 1
4,5,7,10,7
36,0,72,55,79
5|15|,0
0|1|3|4|6|
-
Edward,  6,  6, 1, 0, 15,  80,  80,  0,  0, 0
8,7,7,9,2
34,0,72,55,79
19|16|,0
-
-
   Cid,  7,  7, 2, 0, 18,  90,  90,  0,  0, 0
8,5,5,11,8
26,66,72,55,79
11|,0
-
-
  Edge,  8,  8, 2, 0, 20,  95,  95, 30, 30, 2
16,15,14,9,8
17,17,72,55,79
6|14|,0
0|1|2|3|
-
FuSoYa,  9,  9, 3, 0, 30, 130, 130, 90, 90, 0
5,5,5,15,14
36,0,72,55,79
4|5|,0
0|1|2|3|4|5|6|7|8|
0|1|2|3|4|5|6|
 Palom, 10, 10, 2, 0, 15,  70,  70, 45, 45, 0
5,6,6,10,10
38,0,72,55,79
4|15|,0
0|1|4|6|
-
  Rosa, 10, 11, 2, 0, 16,  70,  70, 35, 35, 0
5,7,6,14,11
28,31,72,55,79
4|12|,0
0|1|2|3|4|5|6|
-