  1 0.000000 -0.587785 1.538842
  2 0.000000 0.587785 1.538842
  3 0.000000 -0.587785 -1.538842
  4 0.000000 0.587785 -1.538842
  5 0.587785 1.538842 0.000000
  6 -0.587785 1.538842 0.000000
  7 0.587785 -1.538842 0.000000
  8 -0.587785 -1.538842 0.000000
  9 1.538842 0.000000 0.587785
 10 1.538842 0.000000 -0.587785
 11 -1.538842 0.000000 0.587785
 12 -1.538842 0.000000 -0.587785
 13 0.951057 0.951056 0.951057
 14 -0.951057 0.951056 0.951057
 15 0.951057 -0.951056 0.951057
 16 -0.951057 -0.951056 0.951057
 17 0.951057 0.951056 -0.951057
 18 -0.951057 0.951056 -0.951057
 19 0.951057 -0.951056 -0.951057
 20 -0.951057 -0.951056 -0.951057
101 1.538842 -1.538842 -1.538842
102 1.538842 1.538842 -1.538842
103 -1.538842 1.538842 -1.538842
104 -1.538842 -1.538842 -1.538842
105 1.538842 -1.538842 1.538842
106 1.538842 1.538842 1.538842
107 -1.538842 1.538842 1.538842
108 -1.538842 -1.538842 1.538842
Faces:
 1 15  9 13  2.
 1  2 14 11 16.
 5  6 14  2 13.
 7 15  1 16  8.
19 10  9 15  7.
10 17  5 13  9.
20  8 16 11 12.
18 12 11 14  6.
 3  4 17 10 19.
 4 18  6  5 17.
 3 20 12 18  4.
 3 19  7  8 20.
101 102.
102 103.
103 104.
104 101.
105 106.
106 107.
107 108.
108 105.
101 105.
102 106.
103 107.
104 108.
