901 0 0 -1
1 0.104528 0 -0.994522
2 0.207912 0 -0.978148
3 0.309017 0 -0.951057
4 0.406737 0 -0.913545
5 0.5 0 -0.866025
6 0.587785 0 -0.809017
7 0.669131 0 -0.743145
8 0.743145 0 -0.669131
9 0.809017 0 -0.587785
10 0.866025 0 -0.5
11 0.913545 0 -0.406737
12 0.951057 0 -0.309017
13 0.978148 0 -0.207912
14 0.994522 0 -0.104528
15 1 0 -6.123032e-17
16 0.103956 0.010926 -0.994522
17 0.206773 0.021733 -0.978148
18 0.307324 0.032301 -0.951057
19 0.404508 0.042516 -0.913545
20 0.497261 0.052264 -0.866025
21 0.584565 0.06144 -0.809017
22 0.665465 0.069943 -0.743145
23 0.739074 0.07768 -0.669131
24 0.804585 0.084565 -0.587785
25 0.861281 0.090524 -0.5
26 0.908541 0.095492 -0.406737
27 0.945847 0.099412 -0.309017
28 0.972789 0.102244 -0.207912
29 0.989074 0.103956 -0.104528
30 0.994522 0.104528 -6.123032e-17
31 0.102244 0.021733 -0.994522
32 0.203368 0.043227 -0.978148
33 0.302264 0.064248 -0.951057
34 0.397848 0.084565 -0.913545
35 0.489074 0.103956 -0.866025
36 0.574941 0.122207 -0.809017
37 0.654508 0.13912 -0.743145
38 0.726905 0.154508 -0.669131
39 0.791338 0.168204 -0.587785
40 0.847101 0.180057 -0.5
41 0.893582 0.189937 -0.406737
42 0.930274 0.197736 -0.309017
43 0.956773 0.203368 -0.207912
44 0.972789 0.206773 -0.104528
45 0.978148 0.207912 -6.123032e-17
46 0.099412 0.032301 -0.994522
47 0.197736 0.064248 -0.978148
48 0.293893 0.095492 -0.951057
49 0.38683 0.125689 -0.913545
50 0.475528 0.154508 -0.866025
51 0.559017 0.181636 -0.809017
52 0.636381 0.206773 -0.743145
53 0.706773 0.229644 -0.669131
54 0.769421 0.25 -0.587785
55 0.823639 0.267617 -0.5
56 0.868833 0.282301 -0.406737
57 0.904508 0.293893 -0.309017
58 0.930274 0.302264 -0.207912
59 0.945847 0.307324 -0.104528
60 0.951057 0.309017 -6.123032e-17
61 0.095492 0.042516 -0.994522
62 0.189937 0.084565 -0.978148
63 0.282301 0.125689 -0.951057
64 0.371572 0.165435 -0.913545
65 0.456773 0.203368 -0.866025
66 0.536969 0.239074 -0.809017
67 0.611281 0.27216 -0.743145
68 0.678897 0.302264 -0.669131
69 0.739074 0.329057 -0.587785
70 0.791154 0.352244 -0.5
71 0.834565 0.371572 -0.406737
72 0.868833 0.38683 -0.309017
73 0.893582 0.397848 -0.207912
74 0.908541 0.404508 -0.104528
75 0.913545 0.406737 -6.123032e-17
76 0.090524 0.052264 -0.994522
77 0.180057 0.103956 -0.978148
78 0.267617 0.154508 -0.951057
79 0.352244 0.203368 -0.913545
80 0.433013 0.25 -0.866025
81 0.509037 0.293893 -0.809017
82 0.579484 0.334565 -0.743145
83 0.643582 0.371572 -0.669131
84 0.700629 0.404508 -0.587785
85 0.75 0.433013 -0.5
86 0.791154 0.456773 -0.406737
87 0.823639 0.475528 -0.309017
88 0.847101 0.489074 -0.207912
89 0.861281 0.497261 -0.104528
90 0.866025 0.5 -6.123032e-17
91 0.084565 0.06144 -0.994522
92 0.168204 0.122207 -0.978148
93 0.25 0.181636 -0.951057
94 0.329057 0.239074 -0.913545
95 0.404508 0.293893 -0.866025
96 0.475528 0.345492 -0.809017
97 0.541338 0.393305 -0.743145
98 0.601217 0.43681 -0.669131
99 0.654508 0.475528 -0.587785
100 0.700629 0.509037 -0.5
101 0.739074 0.536969 -0.406737
102 0.769421 0.559017 -0.309017
103 0.791338 0.574941 -0.207912
104 0.804585 0.584565 -0.104528
105 0.809017 0.587785 -6.123032e-17
106 0.07768 0.069943 -0.994522
107 0.154508 0.13912 -0.978148
108 0.229644 0.206773 -0.951057
109 0.302264 0.27216 -0.913545
110 0.371572 0.334565 -0.866025
111 0.43681 0.393305 -0.809017
112 0.497261 0.447736 -0.743145
113 0.552264 0.497261 -0.669131
114 0.601217 0.541338 -0.587785
115 0.643582 0.579484 -0.5
116 0.678897 0.611281 -0.406737
117 0.706773 0.636381 -0.309017
118 0.726905 0.654508 -0.207912
119 0.739074 0.665465 -0.104528
120 0.743145 0.669131 -6.123032e-17
121 0.069943 0.07768 -0.994522
122 0.13912 0.154508 -0.978148
123 0.206773 0.229644 -0.951057
124 0.27216 0.302264 -0.913545
125 0.334565 0.371572 -0.866025
126 0.393305 0.43681 -0.809017
127 0.447736 0.497261 -0.743145
128 0.497261 0.552264 -0.669131
129 0.541338 0.601217 -0.587785
130 0.579484 0.643582 -0.5
131 0.611281 0.678897 -0.406737
132 0.636381 0.706773 -0.309017
133 0.654508 0.726905 -0.207912
134 0.665465 0.739074 -0.104528
135 0.669131 0.743145 -6.123032e-17
136 0.06144 0.084565 -0.994522
137 0.122207 0.168204 -0.978148
138 0.181636 0.25 -0.951057
139 0.239074 0.329057 -0.913545
140 0.293893 0.404508 -0.866025
141 0.345492 0.475528 -0.809017
142 0.393305 0.541338 -0.743145
143 0.43681 0.601217 -0.669131
144 0.475528 0.654508 -0.587785
145 0.509037 0.700629 -0.5
146 0.536969 0.739074 -0.406737
147 0.559017 0.769421 -0.309017
148 0.574941 0.791338 -0.207912
149 0.584565 0.804585 -0.104528
150 0.587785 0.809017 -6.123032e-17
151 0.052264 0.090524 -0.994522
152 0.103956 0.180057 -0.978148
153 0.154508 0.267617 -0.951057
154 0.203368 0.352244 -0.913545
155 0.25 0.433013 -0.866025
156 0.293893 0.509037 -0.809017
157 0.334565 0.579484 -0.743145
158 0.371572 0.643582 -0.669131
159 0.404508 0.700629 -0.587785
160 0.433013 0.75 -0.5
161 0.456773 0.791154 -0.406737
162 0.475528 0.823639 -0.309017
163 0.489074 0.847101 -0.207912
164 0.497261 0.861281 -0.104528
165 0.5 0.866025 -6.123032e-17
166 0.042516 0.095492 -0.994522
167 0.084565 0.189937 -0.978148
168 0.125689 0.282301 -0.951057
169 0.165435 0.371572 -0.913545
170 0.203368 0.456773 -0.866025
171 0.239074 0.536969 -0.809017
172 0.27216 0.611281 -0.743145
173 0.302264 0.678897 -0.669131
174 0.329057 0.739074 -0.587785
175 0.352244 0.791154 -0.5
176 0.371572 0.834565 -0.406737
177 0.38683 0.868833 -0.309017
178 0.397848 0.893582 -0.207912
179 0.404508 0.908541 -0.104528
180 0.406737 0.913545 -6.123032e-17
181 0.032301 0.099412 -0.994522
182 0.064248 0.197736 -0.978148
183 0.095492 0.293893 -0.951057
184 0.125689 0.38683 -0.913545
185 0.154508 0.475528 -0.866025
186 0.181636 0.559017 -0.809017
187 0.206773 0.636381 -0.743145
188 0.229644 0.706773 -0.669131
189 0.25 0.769421 -0.587785
190 0.267617 0.823639 -0.5
191 0.282301 0.868833 -0.406737
192 0.293893 0.904508 -0.309017
193 0.302264 0.930274 -0.207912
194 0.307324 0.945847 -0.104528
195 0.309017 0.951057 -6.123032e-17
196 0.021733 0.102244 -0.994522
197 0.043227 0.203368 -0.978148
198 0.064248 0.302264 -0.951057
199 0.084565 0.397848 -0.913545
200 0.103956 0.489074 -0.866025
201 0.122207 0.574941 -0.809017
202 0.13912 0.654508 -0.743145
203 0.154508 0.726905 -0.669131
204 0.168204 0.791338 -0.587785
205 0.180057 0.847101 -0.5
206 0.189937 0.893582 -0.406737
207 0.197736 0.930274 -0.309017
208 0.203368 0.956773 -0.207912
209 0.206773 0.972789 -0.104528
210 0.207912 0.978148 -6.123032e-17
211 0.010926 0.103956 -0.994522
212 0.021733 0.206773 -0.978148
213 0.032301 0.307324 -0.951057
214 0.042516 0.404508 -0.913545
215 0.052264 0.497261 -0.866025
216 0.06144 0.584565 -0.809017
217 0.069943 0.665465 -0.743145
218 0.07768 0.739074 -0.669131
219 0.084565 0.804585 -0.587785
220 0.090524 0.861281 -0.5
221 0.095492 0.908541 -0.406737
222 0.099412 0.945847 -0.309017
223 0.102244 0.972789 -0.207912
224 0.103956 0.989074 -0.104528
225 0.104528 0.994522 -6.123032e-17
226 6.400311e-18 0.104528 -0.994522
227 1.27305e-17 0.207912 -0.978148
228 1.892121e-17 0.309017 -0.951057
229 2.490461e-17 0.406737 -0.913545
230 3.061516e-17 0.5 -0.866025
231 3.599028e-17 0.587785 -0.809017
232 4.097108e-17 0.669131 -0.743145
233 4.550299e-17 0.743145 -0.669131
234 4.953637e-17 0.809017 -0.587785
235 5.302701e-17 0.866025 -0.5
236 5.593668e-17 0.913545 -0.406737
237 5.823349e-17 0.951057 -0.309017
238 5.989229e-17 0.978148 -0.207912
239 6.089489e-17 0.994522 -0.104528
240 6.123032e-17 1 -6.123032e-17
241 -0.010926 0.103956 -0.994522
242 -0.021733 0.206773 -0.978148
243 -0.032301 0.307324 -0.951057
244 -0.042516 0.404508 -0.913545
245 -0.052264 0.497261 -0.866025
246 -0.06144 0.584565 -0.809017
247 -0.069943 0.665465 -0.743145
248 -0.07768 0.739074 -0.669131
249 -0.084565 0.804585 -0.587785
250 -0.090524 0.861281 -0.5
251 -0.095492 0.908541 -0.406737
252 -0.099412 0.945847 -0.309017
253 -0.102244 0.972789 -0.207912
254 -0.103956 0.989074 -0.104528
255 -0.104528 0.994522 -6.123032e-17
256 -0.021733 0.102244 -0.994522
257 -0.043227 0.203368 -0.978148
258 -0.064248 0.302264 -0.951057
259 -0.084565 0.397848 -0.913545
260 -0.103956 0.489074 -0.866025
261 -0.122207 0.574941 -0.809017
262 -0.13912 0.654508 -0.743145
263 -0.154508 0.726905 -0.669131
264 -0.168204 0.791338 -0.587785
265 -0.180057 0.847101 -0.5
266 -0.189937 0.893582 -0.406737
267 -0.197736 0.930274 -0.309017
268 -0.203368 0.956773 -0.207912
269 -0.206773 0.972789 -0.104528
270 -0.207912 0.978148 -6.123032e-17
271 -0.032301 0.099412 -0.994522
272 -0.064248 0.197736 -0.978148
273 -0.095492 0.293893 -0.951057
274 -0.125689 0.38683 -0.913545
275 -0.154508 0.475528 -0.866025
276 -0.181636 0.559017 -0.809017
277 -0.206773 0.636381 -0.743145
278 -0.229644 0.706773 -0.669131
279 -0.25 0.769421 -0.587785
280 -0.267617 0.823639 -0.5
281 -0.282301 0.868833 -0.406737
282 -0.293893 0.904508 -0.309017
283 -0.302264 0.930274 -0.207912
284 -0.307324 0.945847 -0.104528
285 -0.309017 0.951057 -6.123032e-17
286 -0.042516 0.095492 -0.994522
287 -0.084565 0.189937 -0.978148
288 -0.125689 0.282301 -0.951057
289 -0.165435 0.371572 -0.913545
290 -0.203368 0.456773 -0.866025
291 -0.239074 0.536969 -0.809017
292 -0.27216 0.611281 -0.743145
293 -0.302264 0.678897 -0.669131
294 -0.329057 0.739074 -0.587785
295 -0.352244 0.791154 -0.5
296 -0.371572 0.834565 -0.406737
297 -0.38683 0.868833 -0.309017
298 -0.397848 0.893582 -0.207912
299 -0.404508 0.908541 -0.104528
300 -0.406737 0.913545 -6.123032e-17
301 -0.052264 0.090524 -0.994522
302 -0.103956 0.180057 -0.978148
303 -0.154508 0.267617 -0.951057
304 -0.203368 0.352244 -0.913545
305 -0.25 0.433013 -0.866025
306 -0.293893 0.509037 -0.809017
307 -0.334565 0.579484 -0.743145
308 -0.371572 0.643582 -0.669131
309 -0.404508 0.700629 -0.587785
310 -0.433013 0.75 -0.5
311 -0.456773 0.791154 -0.406737
312 -0.475528 0.823639 -0.309017
313 -0.489074 0.847101 -0.207912
314 -0.497261 0.861281 -0.104528
315 -0.5 0.866025 -6.123032e-17
316 -0.06144 0.084565 -0.994522
317 -0.122207 0.168204 -0.978148
318 -0.181636 0.25 -0.951057
319 -0.239074 0.329057 -0.913545
320 -0.293893 0.404508 -0.866025
321 -0.345492 0.475528 -0.809017
322 -0.393305 0.541338 -0.743145
323 -0.43681 0.601217 -0.669131
324 -0.475528 0.654508 -0.587785
325 -0.509037 0.700629 -0.5
326 -0.536969 0.739074 -0.406737
327 -0.559017 0.769421 -0.309017
328 -0.574941 0.791338 -0.207912
329 -0.584565 0.804585 -0.104528
330 -0.587785 0.809017 -6.123032e-17
331 -0.069943 0.07768 -0.994522
332 -0.13912 0.154508 -0.978148
333 -0.206773 0.229644 -0.951057
334 -0.27216 0.302264 -0.913545
335 -0.334565 0.371572 -0.866025
336 -0.393305 0.43681 -0.809017
337 -0.447736 0.497261 -0.743145
338 -0.497261 0.552264 -0.669131
339 -0.541338 0.601217 -0.587785
340 -0.579484 0.643582 -0.5
341 -0.611281 0.678897 -0.406737
342 -0.636381 0.706773 -0.309017
343 -0.654508 0.726905 -0.207912
344 -0.665465 0.739074 -0.104528
345 -0.669131 0.743145 -6.123032e-17
346 -0.07768 0.069943 -0.994522
347 -0.154508 0.13912 -0.978148
348 -0.229644 0.206773 -0.951057
349 -0.302264 0.27216 -0.913545
350 -0.371572 0.334565 -0.866025
351 -0.43681 0.393305 -0.809017
352 -0.497261 0.447736 -0.743145
353 -0.552264 0.497261 -0.669131
354 -0.601217 0.541338 -0.587785
355 -0.643582 0.579484 -0.5
356 -0.678897 0.611281 -0.406737
357 -0.706773 0.636381 -0.309017
358 -0.726905 0.654508 -0.207912
359 -0.739074 0.665465 -0.104528
360 -0.743145 0.669131 -6.123032e-17
361 -0.084565 0.06144 -0.994522
362 -0.168204 0.122207 -0.978148
363 -0.25 0.181636 -0.951057
364 -0.329057 0.239074 -0.913545
365 -0.404508 0.293893 -0.866025
366 -0.475528 0.345492 -0.809017
367 -0.541338 0.393305 -0.743145
368 -0.601217 0.43681 -0.669131
369 -0.654508 0.475528 -0.587785
370 -0.700629 0.509037 -0.5
371 -0.739074 0.536969 -0.406737
372 -0.769421 0.559017 -0.309017
373 -0.791338 0.574941 -0.207912
374 -0.804585 0.584565 -0.104528
375 -0.809017 0.587785 -6.123032e-17
376 -0.090524 0.052264 -0.994522
377 -0.180057 0.103956 -0.978148
378 -0.267617 0.154508 -0.951057
379 -0.352244 0.203368 -0.913545
380 -0.433013 0.25 -0.866025
381 -0.509037 0.293893 -0.809017
382 -0.579484 0.334565 -0.743145
383 -0.643582 0.371572 -0.669131
384 -0.700629 0.404508 -0.587785
385 -0.75 0.433013 -0.5
386 -0.791154 0.456773 -0.406737
387 -0.823639 0.475528 -0.309017
388 -0.847101 0.489074 -0.207912
389 -0.861281 0.497261 -0.104528
390 -0.866025 0.5 -6.123032e-17
391 -0.095492 0.042516 -0.994522
392 -0.189937 0.084565 -0.978148
393 -0.282301 0.125689 -0.951057
394 -0.371572 0.165435 -0.913545
395 -0.456773 0.203368 -0.866025
396 -0.536969 0.239074 -0.809017
397 -0.611281 0.27216 -0.743145
398 -0.678897 0.302264 -0.669131
399 -0.739074 0.329057 -0.587785
400 -0.791154 0.352244 -0.5
401 -0.834565 0.371572 -0.406737
402 -0.868833 0.38683 -0.309017
403 -0.893582 0.397848 -0.207912
404 -0.908541 0.404508 -0.104528
405 -0.913545 0.406737 -6.123032e-17
406 -0.099412 0.032301 -0.994522
407 -0.197736 0.064248 -0.978148
408 -0.293893 0.095492 -0.951057
409 -0.38683 0.125689 -0.913545
410 -0.475528 0.154508 -0.866025
411 -0.559017 0.181636 -0.809017
412 -0.636381 0.206773 -0.743145
413 -0.706773 0.229644 -0.669131
414 -0.769421 0.25 -0.587785
415 -0.823639 0.267617 -0.5
416 -0.868833 0.282301 -0.406737
417 -0.904508 0.293893 -0.309017
418 -0.930274 0.302264 -0.207912
419 -0.945847 0.307324 -0.104528
420 -0.951057 0.309017 -6.123032e-17
421 -0.102244 0.021733 -0.994522
422 -0.203368 0.043227 -0.978148
423 -0.302264 0.064248 -0.951057
424 -0.397848 0.084565 -0.913545
425 -0.489074 0.103956 -0.866025
426 -0.574941 0.122207 -0.809017
427 -0.654508 0.13912 -0.743145
428 -0.726905 0.154508 -0.669131
429 -0.791338 0.168204 -0.587785
430 -0.847101 0.180057 -0.5
431 -0.893582 0.189937 -0.406737
432 -0.930274 0.197736 -0.309017
433 -0.956773 0.203368 -0.207912
434 -0.972789 0.206773 -0.104528
435 -0.978148 0.207912 -6.123032e-17
436 -0.103956 0.010926 -0.994522
437 -0.206773 0.021733 -0.978148
438 -0.307324 0.032301 -0.951057
439 -0.404508 0.042516 -0.913545
440 -0.497261 0.052264 -0.866025
441 -0.584565 0.06144 -0.809017
442 -0.665465 0.069943 -0.743145
443 -0.739074 0.07768 -0.669131
444 -0.804585 0.084565 -0.587785
445 -0.861281 0.090524 -0.5
446 -0.908541 0.095492 -0.406737
447 -0.945847 0.099412 -0.309017
448 -0.972789 0.102244 -0.207912
449 -0.989074 0.103956 -0.104528
450 -0.994522 0.104528 -6.123032e-17
451 -0.104528 1.280062e-17 -0.994522
452 -0.207912 2.5461e-17 -0.978148
453 -0.309017 3.784242e-17 -0.951057
454 -0.406737 4.980923e-17 -0.913545
455 -0.5 6.123032e-17 -0.866025
456 -0.587785 7.198056e-17 -0.809017
457 -0.669131 8.194216e-17 -0.743145
458 -0.743145 9.100599e-17 -0.669131
459 -0.809017 9.907274e-17 -0.587785
460 -0.866025 1.06054e-16 -0.5
461 -0.913545 1.118734e-16 -0.406737
462 -0.951057 1.16467e-16 -0.309017
463 -0.978148 1.197846e-16 -0.207912
464 -0.994522 1.217898e-16 -0.104528
465 -1 1.224606e-16 -6.123032e-17
466 -0.103956 -0.010926 -0.994522
467 -0.206773 -0.021733 -0.978148
468 -0.307324 -0.032301 -0.951057
469 -0.404508 -0.042516 -0.913545
470 -0.497261 -0.052264 -0.866025
471 -0.584565 -0.06144 -0.809017
472 -0.665465 -0.069943 -0.743145
473 -0.739074 -0.07768 -0.669131
474 -0.804585 -0.084565 -0.587785
475 -0.861281 -0.090524 -0.5
476 -0.908541 -0.095492 -0.406737
477 -0.945847 -0.099412 -0.309017
478 -0.972789 -0.102244 -0.207912
479 -0.989074 -0.103956 -0.104528
480 -0.994522 -0.104528 -6.123032e-17
481 -0.102244 -0.021733 -0.994522
482 -0.203368 -0.043227 -0.978148
483 -0.302264 -0.064248 -0.951057
484 -0.397848 -0.084565 -0.913545
485 -0.489074 -0.103956 -0.866025
486 -0.574941 -0.122207 -0.809017
487 -0.654508 -0.13912 -0.743145
488 -0.726905 -0.154508 -0.669131
489 -0.791338 -0.168204 -0.587785
490 -0.847101 -0.180057 -0.5
491 -0.893582 -0.189937 -0.406737
492 -0.930274 -0.197736 -0.309017
493 -0.956773 -0.203368 -0.207912
494 -0.972789 -0.206773 -0.104528
495 -0.978148 -0.207912 -6.123032e-17
496 -0.099412 -0.032301 -0.994522
497 -0.197736 -0.064248 -0.978148
498 -0.293893 -0.095492 -0.951057
499 -0.38683 -0.125689 -0.913545
500 -0.475528 -0.154508 -0.866025
501 -0.559017 -0.181636 -0.809017
502 -0.636381 -0.206773 -0.743145
503 -0.706773 -0.229644 -0.669131
504 -0.769421 -0.25 -0.587785
505 -0.823639 -0.267617 -0.5
506 -0.868833 -0.282301 -0.406737
507 -0.904508 -0.293893 -0.309017
508 -0.930274 -0.302264 -0.207912
509 -0.945847 -0.307324 -0.104528
510 -0.951057 -0.309017 -6.123032e-17
511 -0.095492 -0.042516 -0.994522
512 -0.189937 -0.084565 -0.978148
513 -0.282301 -0.125689 -0.951057
514 -0.371572 -0.165435 -0.913545
515 -0.456773 -0.203368 -0.866025
516 -0.536969 -0.239074 -0.809017
517 -0.611281 -0.27216 -0.743145
518 -0.678897 -0.302264 -0.669131
519 -0.739074 -0.329057 -0.587785
520 -0.791154 -0.352244 -0.5
521 -0.834565 -0.371572 -0.406737
522 -0.868833 -0.38683 -0.309017
523 -0.893582 -0.397848 -0.207912
524 -0.908541 -0.404508 -0.104528
525 -0.913545 -0.406737 -6.123032e-17
526 -0.090524 -0.052264 -0.994522
527 -0.180057 -0.103956 -0.978148
528 -0.267617 -0.154508 -0.951057
529 -0.352244 -0.203368 -0.913545
530 -0.433013 -0.25 -0.866025
531 -0.509037 -0.293893 -0.809017
532 -0.579484 -0.334565 -0.743145
533 -0.643582 -0.371572 -0.669131
534 -0.700629 -0.404508 -0.587785
535 -0.75 -0.433013 -0.5
536 -0.791154 -0.456773 -0.406737
537 -0.823639 -0.475528 -0.309017
538 -0.847101 -0.489074 -0.207912
539 -0.861281 -0.497261 -0.104528
540 -0.866025 -0.5 -6.123032e-17
541 -0.084565 -0.06144 -0.994522
542 -0.168204 -0.122207 -0.978148
543 -0.25 -0.181636 -0.951057
544 -0.329057 -0.239074 -0.913545
545 -0.404508 -0.293893 -0.866025
546 -0.475528 -0.345492 -0.809017
547 -0.541338 -0.393305 -0.743145
548 -0.601217 -0.43681 -0.669131
549 -0.654508 -0.475528 -0.587785
550 -0.700629 -0.509037 -0.5
551 -0.739074 -0.536969 -0.406737
552 -0.769421 -0.559017 -0.309017
553 -0.791338 -0.574941 -0.207912
554 -0.804585 -0.584565 -0.104528
555 -0.809017 -0.587785 -6.123032e-17
556 -0.07768 -0.069943 -0.994522
557 -0.154508 -0.13912 -0.978148
558 -0.229644 -0.206773 -0.951057
559 -0.302264 -0.27216 -0.913545
560 -0.371572 -0.334565 -0.866025
561 -0.43681 -0.393305 -0.809017
562 -0.497261 -0.447736 -0.743145
563 -0.552264 -0.497261 -0.669131
564 -0.601217 -0.541338 -0.587785
565 -0.643582 -0.579484 -0.5
566 -0.678897 -0.611281 -0.406737
567 -0.706773 -0.636381 -0.309017
568 -0.726905 -0.654508 -0.207912
569 -0.739074 -0.665465 -0.104528
570 -0.743145 -0.669131 -6.123032e-17
571 -0.069943 -0.07768 -0.994522
572 -0.13912 -0.154508 -0.978148
573 -0.206773 -0.229644 -0.951057
574 -0.27216 -0.302264 -0.913545
575 -0.334565 -0.371572 -0.866025
576 -0.393305 -0.43681 -0.809017
577 -0.447736 -0.497261 -0.743145
578 -0.497261 -0.552264 -0.669131
579 -0.541338 -0.601217 -0.587785
580 -0.579484 -0.643582 -0.5
581 -0.611281 -0.678897 -0.406737
582 -0.636381 -0.706773 -0.309017
583 -0.654508 -0.726905 -0.207912
584 -0.665465 -0.739074 -0.104528
585 -0.669131 -0.743145 -6.123032e-17
586 -0.06144 -0.084565 -0.994522
587 -0.122207 -0.168204 -0.978148
588 -0.181636 -0.25 -0.951057
589 -0.239074 -0.329057 -0.913545
590 -0.293893 -0.404508 -0.866025
591 -0.345492 -0.475528 -0.809017
592 -0.393305 -0.541338 -0.743145
593 -0.43681 -0.601217 -0.669131
594 -0.475528 -0.654508 -0.587785
595 -0.509037 -0.700629 -0.5
596 -0.536969 -0.739074 -0.406737
597 -0.559017 -0.769421 -0.309017
598 -0.574941 -0.791338 -0.207912
599 -0.584565 -0.804585 -0.104528
600 -0.587785 -0.809017 -6.123032e-17
601 -0.052264 -0.090524 -0.994522
602 -0.103956 -0.180057 -0.978148
603 -0.154508 -0.267617 -0.951057
604 -0.203368 -0.352244 -0.913545
605 -0.25 -0.433013 -0.866025
606 -0.293893 -0.509037 -0.809017
607 -0.334565 -0.579484 -0.743145
608 -0.371572 -0.643582 -0.669131
609 -0.404508 -0.700629 -0.587785
610 -0.433013 -0.75 -0.5
611 -0.456773 -0.791154 -0.406737
612 -0.475528 -0.823639 -0.309017
613 -0.489074 -0.847101 -0.207912
614 -0.497261 -0.861281 -0.104528
615 -0.5 -0.866025 -6.123032e-17
616 -0.042516 -0.095492 -0.994522
617 -0.084565 -0.189937 -0.978148
618 -0.125689 -0.282301 -0.951057
619 -0.165435 -0.371572 -0.913545
620 -0.203368 -0.456773 -0.866025
621 -0.239074 -0.536969 -0.809017
622 -0.27216 -0.611281 -0.743145
623 -0.302264 -0.678897 -0.669131
624 -0.329057 -0.739074 -0.587785
625 -0.352244 -0.791154 -0.5
626 -0.371572 -0.834565 -0.406737
627 -0.38683 -0.868833 -0.309017
628 -0.397848 -0.893582 -0.207912
629 -0.404508 -0.908541 -0.104528
630 -0.406737 -0.913545 -6.123032e-17
631 -0.032301 -0.099412 -0.994522
632 -0.064248 -0.197736 -0.978148
633 -0.095492 -0.293893 -0.951057
634 -0.125689 -0.38683 -0.913545
635 -0.154508 -0.475528 -0.866025
636 -0.181636 -0.559017 -0.809017
637 -0.206773 -0.636381 -0.743145
638 -0.229644 -0.706773 -0.669131
639 -0.25 -0.769421 -0.587785
640 -0.267617 -0.823639 -0.5
641 -0.282301 -0.868833 -0.406737
642 -0.293893 -0.904508 -0.309017
643 -0.302264 -0.930274 -0.207912
644 -0.307324 -0.945847 -0.104528
645 -0.309017 -0.951057 -6.123032e-17
646 -0.021733 -0.102244 -0.994522
647 -0.043227 -0.203368 -0.978148
648 -0.064248 -0.302264 -0.951057
649 -0.084565 -0.397848 -0.913545
650 -0.103956 -0.489074 -0.866025
651 -0.122207 -0.574941 -0.809017
652 -0.13912 -0.654508 -0.743145
653 -0.154508 -0.726905 -0.669131
654 -0.168204 -0.791338 -0.587785
655 -0.180057 -0.847101 -0.5
656 -0.189937 -0.893582 -0.406737
657 -0.197736 -0.930274 -0.309017
658 -0.203368 -0.956773 -0.207912
659 -0.206773 -0.972789 -0.104528
660 -0.207912 -0.978148 -6.123032e-17
661 -0.010926 -0.103956 -0.994522
662 -0.021733 -0.206773 -0.978148
663 -0.032301 -0.307324 -0.951057
664 -0.042516 -0.404508 -0.913545
665 -0.052264 -0.497261 -0.866025
666 -0.06144 -0.584565 -0.809017
667 -0.069943 -0.665465 -0.743145
668 -0.07768 -0.739074 -0.669131
669 -0.084565 -0.804585 -0.587785
670 -0.090524 -0.861281 -0.5
671 -0.095492 -0.908541 -0.406737
672 -0.099412 -0.945847 -0.309017
673 -0.102244 -0.972789 -0.207912
674 -0.103956 -0.989074 -0.104528
675 -0.104528 -0.994522 -6.123032e-17
676 -1.920093e-17 -0.104528 -0.994522
677 -3.81915e-17 -0.207912 -0.978148
678 -5.676363e-17 -0.309017 -0.951057
679 -7.471384e-17 -0.406737 -0.913545
680 -9.184548e-17 -0.5 -0.866025
681 -1.079708e-16 -0.587785 -0.809017
682 -1.229132e-16 -0.669131 -0.743145
683 -1.36509e-16 -0.743145 -0.669131
684 -1.486091e-16 -0.809017 -0.587785
685 -1.59081e-16 -0.866025 -0.5
686 -1.6781e-16 -0.913545 -0.406737
687 -1.747005e-16 -0.951057 -0.309017
688 -1.796769e-16 -0.978148 -0.207912
689 -1.826847e-16 -0.994522 -0.104528
690 -1.83691e-16 -1 -6.123032e-17
691 0.010926 -0.103956 -0.994522
692 0.021733 -0.206773 -0.978148
693 0.032301 -0.307324 -0.951057
694 0.042516 -0.404508 -0.913545
695 0.052264 -0.497261 -0.866025
696 0.06144 -0.584565 -0.809017
697 0.069943 -0.665465 -0.743145
698 0.07768 -0.739074 -0.669131
699 0.084565 -0.804585 -0.587785
700 0.090524 -0.861281 -0.5
701 0.095492 -0.908541 -0.406737
702 0.099412 -0.945847 -0.309017
703 0.102244 -0.972789 -0.207912
704 0.103956 -0.989074 -0.104528
705 0.104528 -0.994522 -6.123032e-17
706 0.021733 -0.102244 -0.994522
707 0.043227 -0.203368 -0.978148
708 0.064248 -0.302264 -0.951057
709 0.084565 -0.397848 -0.913545
710 0.103956 -0.489074 -0.866025
711 0.122207 -0.574941 -0.809017
712 0.13912 -0.654508 -0.743145
713 0.154508 -0.726905 -0.669131
714 0.168204 -0.791338 -0.587785
715 0.180057 -0.847101 -0.5
716 0.189937 -0.893582 -0.406737
717 0.197736 -0.930274 -0.309017
718 0.203368 -0.956773 -0.207912
719 0.206773 -0.972789 -0.104528
720 0.207912 -0.978148 -6.123032e-17
721 0.032301 -0.099412 -0.994522
722 0.064248 -0.197736 -0.978148
723 0.095492 -0.293893 -0.951057
724 0.125689 -0.38683 -0.913545
725 0.154508 -0.475528 -0.866025
726 0.181636 -0.559017 -0.809017
727 0.206773 -0.636381 -0.743145
728 0.229644 -0.706773 -0.669131
729 0.25 -0.769421 -0.587785
730 0.267617 -0.823639 -0.5
731 0.282301 -0.868833 -0.406737
732 0.293893 -0.904508 -0.309017
733 0.302264 -0.930274 -0.207912
734 0.307324 -0.945847 -0.104528
735 0.309017 -0.951057 -6.123032e-17
736 0.042516 -0.095492 -0.994522
737 0.084565 -0.189937 -0.978148
738 0.125689 -0.282301 -0.951057
739 0.165435 -0.371572 -0.913545
740 0.203368 -0.456773 -0.866025
741 0.239074 -0.536969 -0.809017
742 0.27216 -0.611281 -0.743145
743 0.302264 -0.678897 -0.669131
744 0.329057 -0.739074 -0.587785
745 0.352244 -0.791154 -0.5
746 0.371572 -0.834565 -0.406737
747 0.38683 -0.868833 -0.309017
748 0.397848 -0.893582 -0.207912
749 0.404508 -0.908541 -0.104528
750 0.406737 -0.913545 -6.123032e-17
751 0.052264 -0.090524 -0.994522
752 0.103956 -0.180057 -0.978148
753 0.154508 -0.267617 -0.951057
754 0.203368 -0.352244 -0.913545
755 0.25 -0.433013 -0.866025
756 0.293893 -0.509037 -0.809017
757 0.334565 -0.579484 -0.743145
758 0.371572 -0.643582 -0.669131
759 0.404508 -0.700629 -0.587785
760 0.433013 -0.75 -0.5
761 0.456773 -0.791154 -0.406737
762 0.475528 -0.823639 -0.309017
763 0.489074 -0.847101 -0.207912
764 0.497261 -0.861281 -0.104528
765 0.5 -0.866025 -6.123032e-17
766 0.06144 -0.084565 -0.994522
767 0.122207 -0.168204 -0.978148
768 0.181636 -0.25 -0.951057
769 0.239074 -0.329057 -0.913545
770 0.293893 -0.404508 -0.866025
771 0.345492 -0.475528 -0.809017
772 0.393305 -0.541338 -0.743145
773 0.43681 -0.601217 -0.669131
774 0.475528 -0.654508 -0.587785
775 0.509037 -0.700629 -0.5
776 0.536969 -0.739074 -0.406737
777 0.559017 -0.769421 -0.309017
778 0.574941 -0.791338 -0.207912
779 0.584565 -0.804585 -0.104528
780 0.587785 -0.809017 -6.123032e-17
781 0.069943 -0.07768 -0.994522
782 0.13912 -0.154508 -0.978148
783 0.206773 -0.229644 -0.951057
784 0.27216 -0.302264 -0.913545
785 0.334565 -0.371572 -0.866025
786 0.393305 -0.43681 -0.809017
787 0.447736 -0.497261 -0.743145
788 0.497261 -0.552264 -0.669131
789 0.541338 -0.601217 -0.587785
790 0.579484 -0.643582 -0.5
791 0.611281 -0.678897 -0.406737
792 0.636381 -0.706773 -0.309017
793 0.654508 -0.726905 -0.207912
794 0.665465 -0.739074 -0.104528
795 0.669131 -0.743145 -6.123032e-17
796 0.07768 -0.069943 -0.994522
797 0.154508 -0.13912 -0.978148
798 0.229644 -0.206773 -0.951057
799 0.302264 -0.27216 -0.913545
800 0.371572 -0.334565 -0.866025
801 0.43681 -0.393305 -0.809017
802 0.497261 -0.447736 -0.743145
803 0.552264 -0.497261 -0.669131
804 0.601217 -0.541338 -0.587785
805 0.643582 -0.579484 -0.5
806 0.678897 -0.611281 -0.406737
807 0.706773 -0.636381 -0.309017
808 0.726905 -0.654508 -0.207912
809 0.739074 -0.665465 -0.104528
810 0.743145 -0.669131 -6.123032e-17
811 0.084565 -0.06144 -0.994522
812 0.168204 -0.122207 -0.978148
813 0.25 -0.181636 -0.951057
814 0.329057 -0.239074 -0.913545
815 0.404508 -0.293893 -0.866025
816 0.475528 -0.345492 -0.809017
817 0.541338 -0.393305 -0.743145
818 0.601217 -0.43681 -0.669131
819 0.654508 -0.475528 -0.587785
820 0.700629 -0.509037 -0.5
821 0.739074 -0.536969 -0.406737
822 0.769421 -0.559017 -0.309017
823 0.791338 -0.574941 -0.207912
824 0.804585 -0.584565 -0.104528
825 0.809017 -0.587785 -6.123032e-17
826 0.090524 -0.052264 -0.994522
827 0.180057 -0.103956 -0.978148
828 0.267617 -0.154508 -0.951057
829 0.352244 -0.203368 -0.913545
830 0.433013 -0.25 -0.866025
831 0.509037 -0.293893 -0.809017
832 0.579484 -0.334565 -0.743145
833 0.643582 -0.371572 -0.669131
834 0.700629 -0.404508 -0.587785
835 0.75 -0.433013 -0.5
836 0.791154 -0.456773 -0.406737
837 0.823639 -0.475528 -0.309017
838 0.847101 -0.489074 -0.207912
839 0.861281 -0.497261 -0.104528
840 0.866025 -0.5 -6.123032e-17
841 0.095492 -0.042516 -0.994522
842 0.189937 -0.084565 -0.978148
843 0.282301 -0.125689 -0.951057
844 0.371572 -0.165435 -0.913545
845 0.456773 -0.203368 -0.866025
846 0.536969 -0.239074 -0.809017
847 0.611281 -0.27216 -0.743145
848 0.678897 -0.302264 -0.669131
849 0.739074 -0.329057 -0.587785
850 0.791154 -0.352244 -0.5
851 0.834565 -0.371572 -0.406737
852 0.868833 -0.38683 -0.309017
853 0.893582 -0.397848 -0.207912
854 0.908541 -0.404508 -0.104528
855 0.913545 -0.406737 -6.123032e-17
856 0.099412 -0.032301 -0.994522
857 0.197736 -0.064248 -0.978148
858 0.293893 -0.095492 -0.951057
859 0.38683 -0.125689 -0.913545
860 0.475528 -0.154508 -0.866025
861 0.559017 -0.181636 -0.809017
862 0.636381 -0.206773 -0.743145
863 0.706773 -0.229644 -0.669131
864 0.769421 -0.25 -0.587785
865 0.823639 -0.267617 -0.5
866 0.868833 -0.282301 -0.406737
867 0.904508 -0.293893 -0.309017
868 0.930274 -0.302264 -0.207912
869 0.945847 -0.307324 -0.104528
870 0.951057 -0.309017 -6.123032e-17
871 0.102244 -0.021733 -0.994522
872 0.203368 -0.043227 -0.978148
873 0.302264 -0.064248 -0.951057
874 0.397848 -0.084565 -0.913545
875 0.489074 -0.103956 -0.866025
876 0.574941 -0.122207 -0.809017
877 0.654508 -0.13912 -0.743145
878 0.726905 -0.154508 -0.669131
879 0.791338 -0.168204 -0.587785
880 0.847101 -0.180057 -0.5
881 0.893582 -0.189937 -0.406737
882 0.930274 -0.197736 -0.309017
883 0.956773 -0.203368 -0.207912
884 0.972789 -0.206773 -0.104528
885 0.978148 -0.207912 -6.123032e-17
886 0.103956 -0.010926 -0.994522
887 0.206773 -0.021733 -0.978148
888 0.307324 -0.032301 -0.951057
889 0.404508 -0.042516 -0.913545
890 0.497261 -0.052264 -0.866025
891 0.584565 -0.06144 -0.809017
892 0.665465 -0.069943 -0.743145
893 0.739074 -0.07768 -0.669131
894 0.804585 -0.084565 -0.587785
895 0.861281 -0.090524 -0.5
896 0.908541 -0.095492 -0.406737
897 0.945847 -0.099412 -0.309017
898 0.972789 -0.102244 -0.207912
899 0.989074 -0.103956 -0.104528
900 0.994522 -0.104528 -6.123032e-17
Faces:
901 1 16.
901 16 1.
1 16 17 2.
2 17 16 1.
2 17 18 3.
3 18 17 2.
3 18 19 4.
4 19 18 3.
4 19 20 5.
5 20 19 4.
5 20 21 6.
6 21 20 5.
6 21 22 7.
7 22 21 6.
7 22 23 8.
8 23 22 7.
8 23 24 9.
9 24 23 8.
9 24 25 10.
10 25 24 9.
10 25 26 11.
11 26 25 10.
11 26 27 12.
12 27 26 11.
12 27 28 13.
13 28 27 12.
13 28 29 14.
14 29 28 13.
14 29 30 15.
15 30 29 14.
901 16 31.
901 31 16.
16 31 32 17.
17 32 31 16.
17 32 33 18.
18 33 32 17.
18 33 34 19.
19 34 33 18.
19 34 35 20.
20 35 34 19.
20 35 36 21.
21 36 35 20.
21 36 37 22.
22 37 36 21.
22 37 38 23.
23 38 37 22.
23 38 39 24.
24 39 38 23.
24 39 40 25.
25 40 39 24.
25 40 41 26.
26 41 40 25.
26 41 42 27.
27 42 41 26.
27 42 43 28.
28 43 42 27.
28 43 44 29.
29 44 43 28.
29 44 45 30.
30 45 44 29.
901 31 46.
901 46 31.
31 46 47 32.
32 47 46 31.
32 47 48 33.
33 48 47 32.
33 48 49 34.
34 49 48 33.
34 49 50 35.
35 50 49 34.
35 50 51 36.
36 51 50 35.
36 51 52 37.
37 52 51 36.
37 52 53 38.
38 53 52 37.
38 53 54 39.
39 54 53 38.
39 54 55 40.
40 55 54 39.
40 55 56 41.
41 56 55 40.
41 56 57 42.
42 57 56 41.
42 57 58 43.
43 58 57 42.
43 58 59 44.
44 59 58 43.
44 59 60 45.
45 60 59 44.
901 46 61.
901 61 46.
46 61 62 47.
47 62 61 46.
47 62 63 48.
48 63 62 47.
48 63 64 49.
49 64 63 48.
49 64 65 50.
50 65 64 49.
50 65 66 51.
51 66 65 50.
51 66 67 52.
52 67 66 51.
52 67 68 53.
53 68 67 52.
53 68 69 54.
54 69 68 53.
54 69 70 55.
55 70 69 54.
55 70 71 56.
56 71 70 55.
56 71 72 57.
57 72 71 56.
57 72 73 58.
58 73 72 57.
58 73 74 59.
59 74 73 58.
59 74 75 60.
60 75 74 59.
901 61 76.
901 76 61.
61 76 77 62.
62 77 76 61.
62 77 78 63.
63 78 77 62.
63 78 79 64.
64 79 78 63.
64 79 80 65.
65 80 79 64.
65 80 81 66.
66 81 80 65.
66 81 82 67.
67 82 81 66.
67 82 83 68.
68 83 82 67.
68 83 84 69.
69 84 83 68.
69 84 85 70.
70 85 84 69.
70 85 86 71.
71 86 85 70.
71 86 87 72.
72 87 86 71.
72 87 88 73.
73 88 87 72.
73 88 89 74.
74 89 88 73.
74 89 90 75.
75 90 89 74.
901 76 91.
901 91 76.
76 91 92 77.
77 92 91 76.
77 92 93 78.
78 93 92 77.
78 93 94 79.
79 94 93 78.
79 94 95 80.
80 95 94 79.
80 95 96 81.
81 96 95 80.
81 96 97 82.
82 97 96 81.
82 97 98 83.
83 98 97 82.
83 98 99 84.
84 99 98 83.
84 99 100 85.
85 100 99 84.
85 100 101 86.
86 101 100 85.
86 101 102 87.
87 102 101 86.
87 102 103 88.
88 103 102 87.
88 103 104 89.
89 104 103 88.
89 104 105 90.
90 105 104 89.
901 91 106.
901 106 91.
91 106 107 92.
92 107 106 91.
92 107 108 93.
93 108 107 92.
93 108 109 94.
94 109 108 93.
94 109 110 95.
95 110 109 94.
95 110 111 96.
96 111 110 95.
96 111 112 97.
97 112 111 96.
97 112 113 98.
98 113 112 97.
98 113 114 99.
99 114 113 98.
99 114 115 100.
100 115 114 99.
100 115 116 101.
101 116 115 100.
101 116 117 102.
102 117 116 101.
102 117 118 103.
103 118 117 102.
103 118 119 104.
104 119 118 103.
104 119 120 105.
105 120 119 104.
901 106 121.
901 121 106.
106 121 122 107.
107 122 121 106.
107 122 123 108.
108 123 122 107.
108 123 124 109.
109 124 123 108.
109 124 125 110.
110 125 124 109.
110 125 126 111.
111 126 125 110.
111 126 127 112.
112 127 126 111.
112 127 128 113.
113 128 127 112.
113 128 129 114.
114 129 128 113.
114 129 130 115.
115 130 129 114.
115 130 131 116.
116 131 130 115.
116 131 132 117.
117 132 131 116.
117 132 133 118.
118 133 132 117.
118 133 134 119.
119 134 133 118.
119 134 135 120.
120 135 134 119.
901 121 136.
901 136 121.
121 136 137 122.
122 137 136 121.
122 137 138 123.
123 138 137 122.
123 138 139 124.
124 139 138 123.
124 139 140 125.
125 140 139 124.
125 140 141 126.
126 141 140 125.
126 141 142 127.
127 142 141 126.
127 142 143 128.
128 143 142 127.
128 143 144 129.
129 144 143 128.
129 144 145 130.
130 145 144 129.
130 145 146 131.
131 146 145 130.
131 146 147 132.
132 147 146 131.
132 147 148 133.
133 148 147 132.
133 148 149 134.
134 149 148 133.
134 149 150 135.
135 150 149 134.
901 136 151.
901 151 136.
136 151 152 137.
137 152 151 136.
137 152 153 138.
138 153 152 137.
138 153 154 139.
139 154 153 138.
139 154 155 140.
140 155 154 139.
140 155 156 141.
141 156 155 140.
141 156 157 142.
142 157 156 141.
142 157 158 143.
143 158 157 142.
143 158 159 144.
144 159 158 143.
144 159 160 145.
145 160 159 144.
145 160 161 146.
146 161 160 145.
146 161 162 147.
147 162 161 146.
147 162 163 148.
148 163 162 147.
148 163 164 149.
149 164 163 148.
149 164 165 150.
150 165 164 149.
901 151 166.
901 166 151.
151 166 167 152.
152 167 166 151.
152 167 168 153.
153 168 167 152.
153 168 169 154.
154 169 168 153.
154 169 170 155.
155 170 169 154.
155 170 171 156.
156 171 170 155.
156 171 172 157.
157 172 171 156.
157 172 173 158.
158 173 172 157.
158 173 174 159.
159 174 173 158.
159 174 175 160.
160 175 174 159.
160 175 176 161.
161 176 175 160.
161 176 177 162.
162 177 176 161.
162 177 178 163.
163 178 177 162.
163 178 179 164.
164 179 178 163.
164 179 180 165.
165 180 179 164.
901 166 181.
901 181 166.
166 181 182 167.
167 182 181 166.
167 182 183 168.
168 183 182 167.
168 183 184 169.
169 184 183 168.
169 184 185 170.
170 185 184 169.
170 185 186 171.
171 186 185 170.
171 186 187 172.
172 187 186 171.
172 187 188 173.
173 188 187 172.
173 188 189 174.
174 189 188 173.
174 189 190 175.
175 190 189 174.
175 190 191 176.
176 191 190 175.
176 191 192 177.
177 192 191 176.
177 192 193 178.
178 193 192 177.
178 193 194 179.
179 194 193 178.
179 194 195 180.
180 195 194 179.
901 181 196.
901 196 181.
181 196 197 182.
182 197 196 181.
182 197 198 183.
183 198 197 182.
183 198 199 184.
184 199 198 183.
184 199 200 185.
185 200 199 184.
185 200 201 186.
186 201 200 185.
186 201 202 187.
187 202 201 186.
187 202 203 188.
188 203 202 187.
188 203 204 189.
189 204 203 188.
189 204 205 190.
190 205 204 189.
190 205 206 191.
191 206 205 190.
191 206 207 192.
192 207 206 191.
192 207 208 193.
193 208 207 192.
193 208 209 194.
194 209 208 193.
194 209 210 195.
195 210 209 194.
901 196 211.
901 211 196.
196 211 212 197.
197 212 211 196.
197 212 213 198.
198 213 212 197.
198 213 214 199.
199 214 213 198.
199 214 215 200.
200 215 214 199.
200 215 216 201.
201 216 215 200.
201 216 217 202.
202 217 216 201.
202 217 218 203.
203 218 217 202.
203 218 219 204.
204 219 218 203.
204 219 220 205.
205 220 219 204.
205 220 221 206.
206 221 220 205.
206 221 222 207.
207 222 221 206.
207 222 223 208.
208 223 222 207.
208 223 224 209.
209 224 223 208.
209 224 225 210.
210 225 224 209.
901 211 226.
901 226 211.
211 226 227 212.
212 227 226 211.
212 227 228 213.
213 228 227 212.
213 228 229 214.
214 229 228 213.
214 229 230 215.
215 230 229 214.
215 230 231 216.
216 231 230 215.
216 231 232 217.
217 232 231 216.
217 232 233 218.
218 233 232 217.
218 233 234 219.
219 234 233 218.
219 234 235 220.
220 235 234 219.
220 235 236 221.
221 236 235 220.
221 236 237 222.
222 237 236 221.
222 237 238 223.
223 238 237 222.
223 238 239 224.
224 239 238 223.
224 239 240 225.
225 240 239 224.
901 226 241.
901 241 226.
226 241 242 227.
227 242 241 226.
227 242 243 228.
228 243 242 227.
228 243 244 229.
229 244 243 228.
229 244 245 230.
230 245 244 229.
230 245 246 231.
231 246 245 230.
231 246 247 232.
232 247 246 231.
232 247 248 233.
233 248 247 232.
233 248 249 234.
234 249 248 233.
234 249 250 235.
235 250 249 234.
235 250 251 236.
236 251 250 235.
236 251 252 237.
237 252 251 236.
237 252 253 238.
238 253 252 237.
238 253 254 239.
239 254 253 238.
239 254 255 240.
240 255 254 239.
901 241 256.
901 256 241.
241 256 257 242.
242 257 256 241.
242 257 258 243.
243 258 257 242.
243 258 259 244.
244 259 258 243.
244 259 260 245.
245 260 259 244.
245 260 261 246.
246 261 260 245.
246 261 262 247.
247 262 261 246.
247 262 263 248.
248 263 262 247.
248 263 264 249.
249 264 263 248.
249 264 265 250.
250 265 264 249.
250 265 266 251.
251 266 265 250.
251 266 267 252.
252 267 266 251.
252 267 268 253.
253 268 267 252.
253 268 269 254.
254 269 268 253.
254 269 270 255.
255 270 269 254.
901 256 271.
901 271 256.
256 271 272 257.
257 272 271 256.
257 272 273 258.
258 273 272 257.
258 273 274 259.
259 274 273 258.
259 274 275 260.
260 275 274 259.
260 275 276 261.
261 276 275 260.
261 276 277 262.
262 277 276 261.
262 277 278 263.
263 278 277 262.
263 278 279 264.
264 279 278 263.
264 279 280 265.
265 280 279 264.
265 280 281 266.
266 281 280 265.
266 281 282 267.
267 282 281 266.
267 282 283 268.
268 283 282 267.
268 283 284 269.
269 284 283 268.
269 284 285 270.
270 285 284 269.
901 271 286.
901 286 271.
271 286 287 272.
272 287 286 271.
272 287 288 273.
273 288 287 272.
273 288 289 274.
274 289 288 273.
274 289 290 275.
275 290 289 274.
275 290 291 276.
276 291 290 275.
276 291 292 277.
277 292 291 276.
277 292 293 278.
278 293 292 277.
278 293 294 279.
279 294 293 278.
279 294 295 280.
280 295 294 279.
280 295 296 281.
281 296 295 280.
281 296 297 282.
282 297 296 281.
282 297 298 283.
283 298 297 282.
283 298 299 284.
284 299 298 283.
284 299 300 285.
285 300 299 284.
901 286 301.
901 301 286.
286 301 302 287.
287 302 301 286.
287 302 303 288.
288 303 302 287.
288 303 304 289.
289 304 303 288.
289 304 305 290.
290 305 304 289.
290 305 306 291.
291 306 305 290.
291 306 307 292.
292 307 306 291.
292 307 308 293.
293 308 307 292.
293 308 309 294.
294 309 308 293.
294 309 310 295.
295 310 309 294.
295 310 311 296.
296 311 310 295.
296 311 312 297.
297 312 311 296.
297 312 313 298.
298 313 312 297.
298 313 314 299.
299 314 313 298.
299 314 315 300.
300 315 314 299.
901 301 316.
901 316 301.
301 316 317 302.
302 317 316 301.
302 317 318 303.
303 318 317 302.
303 318 319 304.
304 319 318 303.
304 319 320 305.
305 320 319 304.
305 320 321 306.
306 321 320 305.
306 321 322 307.
307 322 321 306.
307 322 323 308.
308 323 322 307.
308 323 324 309.
309 324 323 308.
309 324 325 310.
310 325 324 309.
310 325 326 311.
311 326 325 310.
311 326 327 312.
312 327 326 311.
312 327 328 313.
313 328 327 312.
313 328 329 314.
314 329 328 313.
314 329 330 315.
315 330 329 314.
901 316 331.
901 331 316.
316 331 332 317.
317 332 331 316.
317 332 333 318.
318 333 332 317.
318 333 334 319.
319 334 333 318.
319 334 335 320.
320 335 334 319.
320 335 336 321.
321 336 335 320.
321 336 337 322.
322 337 336 321.
322 337 338 323.
323 338 337 322.
323 338 339 324.
324 339 338 323.
324 339 340 325.
325 340 339 324.
325 340 341 326.
326 341 340 325.
326 341 342 327.
327 342 341 326.
327 342 343 328.
328 343 342 327.
328 343 344 329.
329 344 343 328.
329 344 345 330.
330 345 344 329.
901 331 346.
901 346 331.
331 346 347 332.
332 347 346 331.
332 347 348 333.
333 348 347 332.
333 348 349 334.
334 349 348 333.
334 349 350 335.
335 350 349 334.
335 350 351 336.
336 351 350 335.
336 351 352 337.
337 352 351 336.
337 352 353 338.
338 353 352 337.
338 353 354 339.
339 354 353 338.
339 354 355 340.
340 355 354 339.
340 355 356 341.
341 356 355 340.
341 356 357 342.
342 357 356 341.
342 357 358 343.
343 358 357 342.
343 358 359 344.
344 359 358 343.
344 359 360 345.
345 360 359 344.
901 346 361.
901 361 346.
346 361 362 347.
347 362 361 346.
347 362 363 348.
348 363 362 347.
348 363 364 349.
349 364 363 348.
349 364 365 350.
350 365 364 349.
350 365 366 351.
351 366 365 350.
351 366 367 352.
352 367 366 351.
352 367 368 353.
353 368 367 352.
353 368 369 354.
354 369 368 353.
354 369 370 355.
355 370 369 354.
355 370 371 356.
356 371 370 355.
356 371 372 357.
357 372 371 356.
357 372 373 358.
358 373 372 357.
358 373 374 359.
359 374 373 358.
359 374 375 360.
360 375 374 359.
901 361 376.
901 376 361.
361 376 377 362.
362 377 376 361.
362 377 378 363.
363 378 377 362.
363 378 379 364.
364 379 378 363.
364 379 380 365.
365 380 379 364.
365 380 381 366.
366 381 380 365.
366 381 382 367.
367 382 381 366.
367 382 383 368.
368 383 382 367.
368 383 384 369.
369 384 383 368.
369 384 385 370.
370 385 384 369.
370 385 386 371.
371 386 385 370.
371 386 387 372.
372 387 386 371.
372 387 388 373.
373 388 387 372.
373 388 389 374.
374 389 388 373.
374 389 390 375.
375 390 389 374.
901 376 391.
901 391 376.
376 391 392 377.
377 392 391 376.
377 392 393 378.
378 393 392 377.
378 393 394 379.
379 394 393 378.
379 394 395 380.
380 395 394 379.
380 395 396 381.
381 396 395 380.
381 396 397 382.
382 397 396 381.
382 397 398 383.
383 398 397 382.
383 398 399 384.
384 399 398 383.
384 399 400 385.
385 400 399 384.
385 400 401 386.
386 401 400 385.
386 401 402 387.
387 402 401 386.
387 402 403 388.
388 403 402 387.
388 403 404 389.
389 404 403 388.
389 404 405 390.
390 405 404 389.
901 391 406.
901 406 391.
391 406 407 392.
392 407 406 391.
392 407 408 393.
393 408 407 392.
393 408 409 394.
394 409 408 393.
394 409 410 395.
395 410 409 394.
395 410 411 396.
396 411 410 395.
396 411 412 397.
397 412 411 396.
397 412 413 398.
398 413 412 397.
398 413 414 399.
399 414 413 398.
399 414 415 400.
400 415 414 399.
400 415 416 401.
401 416 415 400.
401 416 417 402.
402 417 416 401.
402 417 418 403.
403 418 417 402.
403 418 419 404.
404 419 418 403.
404 419 420 405.
405 420 419 404.
901 406 421.
901 421 406.
406 421 422 407.
407 422 421 406.
407 422 423 408.
408 423 422 407.
408 423 424 409.
409 424 423 408.
409 424 425 410.
410 425 424 409.
410 425 426 411.
411 426 425 410.
411 426 427 412.
412 427 426 411.
412 427 428 413.
413 428 427 412.
413 428 429 414.
414 429 428 413.
414 429 430 415.
415 430 429 414.
415 430 431 416.
416 431 430 415.
416 431 432 417.
417 432 431 416.
417 432 433 418.
418 433 432 417.
418 433 434 419.
419 434 433 418.
419 434 435 420.
420 435 434 419.
901 421 436.
901 436 421.
421 436 437 422.
422 437 436 421.
422 437 438 423.
423 438 437 422.
423 438 439 424.
424 439 438 423.
424 439 440 425.
425 440 439 424.
425 440 441 426.
426 441 440 425.
426 441 442 427.
427 442 441 426.
427 442 443 428.
428 443 442 427.
428 443 444 429.
429 444 443 428.
429 444 445 430.
430 445 444 429.
430 445 446 431.
431 446 445 430.
431 446 447 432.
432 447 446 431.
432 447 448 433.
433 448 447 432.
433 448 449 434.
434 449 448 433.
434 449 450 435.
435 450 449 434.
901 436 451.
901 451 436.
436 451 452 437.
437 452 451 436.
437 452 453 438.
438 453 452 437.
438 453 454 439.
439 454 453 438.
439 454 455 440.
440 455 454 439.
440 455 456 441.
441 456 455 440.
441 456 457 442.
442 457 456 441.
442 457 458 443.
443 458 457 442.
443 458 459 444.
444 459 458 443.
444 459 460 445.
445 460 459 444.
445 460 461 446.
446 461 460 445.
446 461 462 447.
447 462 461 446.
447 462 463 448.
448 463 462 447.
448 463 464 449.
449 464 463 448.
449 464 465 450.
450 465 464 449.
901 451 466.
901 466 451.
451 466 467 452.
452 467 466 451.
452 467 468 453.
453 468 467 452.
453 468 469 454.
454 469 468 453.
454 469 470 455.
455 470 469 454.
455 470 471 456.
456 471 470 455.
456 471 472 457.
457 472 471 456.
457 472 473 458.
458 473 472 457.
458 473 474 459.
459 474 473 458.
459 474 475 460.
460 475 474 459.
460 475 476 461.
461 476 475 460.
461 476 477 462.
462 477 476 461.
462 477 478 463.
463 478 477 462.
463 478 479 464.
464 479 478 463.
464 479 480 465.
465 480 479 464.
901 466 481.
901 481 466.
466 481 482 467.
467 482 481 466.
467 482 483 468.
468 483 482 467.
468 483 484 469.
469 484 483 468.
469 484 485 470.
470 485 484 469.
470 485 486 471.
471 486 485 470.
471 486 487 472.
472 487 486 471.
472 487 488 473.
473 488 487 472.
473 488 489 474.
474 489 488 473.
474 489 490 475.
475 490 489 474.
475 490 491 476.
476 491 490 475.
476 491 492 477.
477 492 491 476.
477 492 493 478.
478 493 492 477.
478 493 494 479.
479 494 493 478.
479 494 495 480.
480 495 494 479.
901 481 496.
901 496 481.
481 496 497 482.
482 497 496 481.
482 497 498 483.
483 498 497 482.
483 498 499 484.
484 499 498 483.
484 499 500 485.
485 500 499 484.
485 500 501 486.
486 501 500 485.
486 501 502 487.
487 502 501 486.
487 502 503 488.
488 503 502 487.
488 503 504 489.
489 504 503 488.
489 504 505 490.
490 505 504 489.
490 505 506 491.
491 506 505 490.
491 506 507 492.
492 507 506 491.
492 507 508 493.
493 508 507 492.
493 508 509 494.
494 509 508 493.
494 509 510 495.
495 510 509 494.
901 496 511.
901 511 496.
496 511 512 497.
497 512 511 496.
497 512 513 498.
498 513 512 497.
498 513 514 499.
499 514 513 498.
499 514 515 500.
500 515 514 499.
500 515 516 501.
501 516 515 500.
501 516 517 502.
502 517 516 501.
502 517 518 503.
503 518 517 502.
503 518 519 504.
504 519 518 503.
504 519 520 505.
505 520 519 504.
505 520 521 506.
506 521 520 505.
506 521 522 507.
507 522 521 506.
507 522 523 508.
508 523 522 507.
508 523 524 509.
509 524 523 508.
509 524 525 510.
510 525 524 509.
901 511 526.
901 526 511.
511 526 527 512.
512 527 526 511.
512 527 528 513.
513 528 527 512.
513 528 529 514.
514 529 528 513.
514 529 530 515.
515 530 529 514.
515 530 531 516.
516 531 530 515.
516 531 532 517.
517 532 531 516.
517 532 533 518.
518 533 532 517.
518 533 534 519.
519 534 533 518.
519 534 535 520.
520 535 534 519.
520 535 536 521.
521 536 535 520.
521 536 537 522.
522 537 536 521.
522 537 538 523.
523 538 537 522.
523 538 539 524.
524 539 538 523.
524 539 540 525.
525 540 539 524.
901 526 541.
901 541 526.
526 541 542 527.
527 542 541 526.
527 542 543 528.
528 543 542 527.
528 543 544 529.
529 544 543 528.
529 544 545 530.
530 545 544 529.
530 545 546 531.
531 546 545 530.
531 546 547 532.
532 547 546 531.
532 547 548 533.
533 548 547 532.
533 548 549 534.
534 549 548 533.
534 549 550 535.
535 550 549 534.
535 550 551 536.
536 551 550 535.
536 551 552 537.
537 552 551 536.
537 552 553 538.
538 553 552 537.
538 553 554 539.
539 554 553 538.
539 554 555 540.
540 555 554 539.
901 541 556.
901 556 541.
541 556 557 542.
542 557 556 541.
542 557 558 543.
543 558 557 542.
543 558 559 544.
544 559 558 543.
544 559 560 545.
545 560 559 544.
545 560 561 546.
546 561 560 545.
546 561 562 547.
547 562 561 546.
547 562 563 548.
548 563 562 547.
548 563 564 549.
549 564 563 548.
549 564 565 550.
550 565 564 549.
550 565 566 551.
551 566 565 550.
551 566 567 552.
552 567 566 551.
552 567 568 553.
553 568 567 552.
553 568 569 554.
554 569 568 553.
554 569 570 555.
555 570 569 554.
901 556 571.
901 571 556.
556 571 572 557.
557 572 571 556.
557 572 573 558.
558 573 572 557.
558 573 574 559.
559 574 573 558.
559 574 575 560.
560 575 574 559.
560 575 576 561.
561 576 575 560.
561 576 577 562.
562 577 576 561.
562 577 578 563.
563 578 577 562.
563 578 579 564.
564 579 578 563.
564 579 580 565.
565 580 579 564.
565 580 581 566.
566 581 580 565.
566 581 582 567.
567 582 581 566.
567 582 583 568.
568 583 582 567.
568 583 584 569.
569 584 583 568.
569 584 585 570.
570 585 584 569.
901 571 586.
901 586 571.
571 586 587 572.
572 587 586 571.
572 587 588 573.
573 588 587 572.
573 588 589 574.
574 589 588 573.
574 589 590 575.
575 590 589 574.
575 590 591 576.
576 591 590 575.
576 591 592 577.
577 592 591 576.
577 592 593 578.
578 593 592 577.
578 593 594 579.
579 594 593 578.
579 594 595 580.
580 595 594 579.
580 595 596 581.
581 596 595 580.
581 596 597 582.
582 597 596 581.
582 597 598 583.
583 598 597 582.
583 598 599 584.
584 599 598 583.
584 599 600 585.
585 600 599 584.
901 586 601.
901 601 586.
586 601 602 587.
587 602 601 586.
587 602 603 588.
588 603 602 587.
588 603 604 589.
589 604 603 588.
589 604 605 590.
590 605 604 589.
590 605 606 591.
591 606 605 590.
591 606 607 592.
592 607 606 591.
592 607 608 593.
593 608 607 592.
593 608 609 594.
594 609 608 593.
594 609 610 595.
595 610 609 594.
595 610 611 596.
596 611 610 595.
596 611 612 597.
597 612 611 596.
597 612 613 598.
598 613 612 597.
598 613 614 599.
599 614 613 598.
599 614 615 600.
600 615 614 599.
901 601 616.
901 616 601.
601 616 617 602.
602 617 616 601.
602 617 618 603.
603 618 617 602.
603 618 619 604.
604 619 618 603.
604 619 620 605.
605 620 619 604.
605 620 621 606.
606 621 620 605.
606 621 622 607.
607 622 621 606.
607 622 623 608.
608 623 622 607.
608 623 624 609.
609 624 623 608.
609 624 625 610.
610 625 624 609.
610 625 626 611.
611 626 625 610.
611 626 627 612.
612 627 626 611.
612 627 628 613.
613 628 627 612.
613 628 629 614.
614 629 628 613.
614 629 630 615.
615 630 629 614.
901 616 631.
901 631 616.
616 631 632 617.
617 632 631 616.
617 632 633 618.
618 633 632 617.
618 633 634 619.
619 634 633 618.
619 634 635 620.
620 635 634 619.
620 635 636 621.
621 636 635 620.
621 636 637 622.
622 637 636 621.
622 637 638 623.
623 638 637 622.
623 638 639 624.
624 639 638 623.
624 639 640 625.
625 640 639 624.
625 640 641 626.
626 641 640 625.
626 641 642 627.
627 642 641 626.
627 642 643 628.
628 643 642 627.
628 643 644 629.
629 644 643 628.
629 644 645 630.
630 645 644 629.
901 631 646.
901 646 631.
631 646 647 632.
632 647 646 631.
632 647 648 633.
633 648 647 632.
633 648 649 634.
634 649 648 633.
634 649 650 635.
635 650 649 634.
635 650 651 636.
636 651 650 635.
636 651 652 637.
637 652 651 636.
637 652 653 638.
638 653 652 637.
638 653 654 639.
639 654 653 638.
639 654 655 640.
640 655 654 639.
640 655 656 641.
641 656 655 640.
641 656 657 642.
642 657 656 641.
642 657 658 643.
643 658 657 642.
643 658 659 644.
644 659 658 643.
644 659 660 645.
645 660 659 644.
901 646 661.
901 661 646.
646 661 662 647.
647 662 661 646.
647 662 663 648.
648 663 662 647.
648 663 664 649.
649 664 663 648.
649 664 665 650.
650 665 664 649.
650 665 666 651.
651 666 665 650.
651 666 667 652.
652 667 666 651.
652 667 668 653.
653 668 667 652.
653 668 669 654.
654 669 668 653.
654 669 670 655.
655 670 669 654.
655 670 671 656.
656 671 670 655.
656 671 672 657.
657 672 671 656.
657 672 673 658.
658 673 672 657.
658 673 674 659.
659 674 673 658.
659 674 675 660.
660 675 674 659.
901 661 676.
901 676 661.
661 676 677 662.
662 677 676 661.
662 677 678 663.
663 678 677 662.
663 678 679 664.
664 679 678 663.
664 679 680 665.
665 680 679 664.
665 680 681 666.
666 681 680 665.
666 681 682 667.
667 682 681 666.
667 682 683 668.
668 683 682 667.
668 683 684 669.
669 684 683 668.
669 684 685 670.
670 685 684 669.
670 685 686 671.
671 686 685 670.
671 686 687 672.
672 687 686 671.
672 687 688 673.
673 688 687 672.
673 688 689 674.
674 689 688 673.
674 689 690 675.
675 690 689 674.
901 676 691.
901 691 676.
676 691 692 677.
677 692 691 676.
677 692 693 678.
678 693 692 677.
678 693 694 679.
679 694 693 678.
679 694 695 680.
680 695 694 679.
680 695 696 681.
681 696 695 680.
681 696 697 682.
682 697 696 681.
682 697 698 683.
683 698 697 682.
683 698 699 684.
684 699 698 683.
684 699 700 685.
685 700 699 684.
685 700 701 686.
686 701 700 685.
686 701 702 687.
687 702 701 686.
687 702 703 688.
688 703 702 687.
688 703 704 689.
689 704 703 688.
689 704 705 690.
690 705 704 689.
901 691 706.
901 706 691.
691 706 707 692.
692 707 706 691.
692 707 708 693.
693 708 707 692.
693 708 709 694.
694 709 708 693.
694 709 710 695.
695 710 709 694.
695 710 711 696.
696 711 710 695.
696 711 712 697.
697 712 711 696.
697 712 713 698.
698 713 712 697.
698 713 714 699.
699 714 713 698.
699 714 715 700.
700 715 714 699.
700 715 716 701.
701 716 715 700.
701 716 717 702.
702 717 716 701.
702 717 718 703.
703 718 717 702.
703 718 719 704.
704 719 718 703.
704 719 720 705.
705 720 719 704.
901 706 721.
901 721 706.
706 721 722 707.
707 722 721 706.
707 722 723 708.
708 723 722 707.
708 723 724 709.
709 724 723 708.
709 724 725 710.
710 725 724 709.
710 725 726 711.
711 726 725 710.
711 726 727 712.
712 727 726 711.
712 727 728 713.
713 728 727 712.
713 728 729 714.
714 729 728 713.
714 729 730 715.
715 730 729 714.
715 730 731 716.
716 731 730 715.
716 731 732 717.
717 732 731 716.
717 732 733 718.
718 733 732 717.
718 733 734 719.
719 734 733 718.
719 734 735 720.
720 735 734 719.
901 721 736.
901 736 721.
721 736 737 722.
722 737 736 721.
722 737 738 723.
723 738 737 722.
723 738 739 724.
724 739 738 723.
724 739 740 725.
725 740 739 724.
725 740 741 726.
726 741 740 725.
726 741 742 727.
727 742 741 726.
727 742 743 728.
728 743 742 727.
728 743 744 729.
729 744 743 728.
729 744 745 730.
730 745 744 729.
730 745 746 731.
731 746 745 730.
731 746 747 732.
732 747 746 731.
732 747 748 733.
733 748 747 732.
733 748 749 734.
734 749 748 733.
734 749 750 735.
735 750 749 734.
901 736 751.
901 751 736.
736 751 752 737.
737 752 751 736.
737 752 753 738.
738 753 752 737.
738 753 754 739.
739 754 753 738.
739 754 755 740.
740 755 754 739.
740 755 756 741.
741 756 755 740.
741 756 757 742.
742 757 756 741.
742 757 758 743.
743 758 757 742.
743 758 759 744.
744 759 758 743.
744 759 760 745.
745 760 759 744.
745 760 761 746.
746 761 760 745.
746 761 762 747.
747 762 761 746.
747 762 763 748.
748 763 762 747.
748 763 764 749.
749 764 763 748.
749 764 765 750.
750 765 764 749.
901 751 766.
901 766 751.
751 766 767 752.
752 767 766 751.
752 767 768 753.
753 768 767 752.
753 768 769 754.
754 769 768 753.
754 769 770 755.
755 770 769 754.
755 770 771 756.
756 771 770 755.
756 771 772 757.
757 772 771 756.
757 772 773 758.
758 773 772 757.
758 773 774 759.
759 774 773 758.
759 774 775 760.
760 775 774 759.
760 775 776 761.
761 776 775 760.
761 776 777 762.
762 777 776 761.
762 777 778 763.
763 778 777 762.
763 778 779 764.
764 779 778 763.
764 779 780 765.
765 780 779 764.
901 766 781.
901 781 766.
766 781 782 767.
767 782 781 766.
767 782 783 768.
768 783 782 767.
768 783 784 769.
769 784 783 768.
769 784 785 770.
770 785 784 769.
770 785 786 771.
771 786 785 770.
771 786 787 772.
772 787 786 771.
772 787 788 773.
773 788 787 772.
773 788 789 774.
774 789 788 773.
774 789 790 775.
775 790 789 774.
775 790 791 776.
776 791 790 775.
776 791 792 777.
777 792 791 776.
777 792 793 778.
778 793 792 777.
778 793 794 779.
779 794 793 778.
779 794 795 780.
780 795 794 779.
901 781 796.
901 796 781.
781 796 797 782.
782 797 796 781.
782 797 798 783.
783 798 797 782.
783 798 799 784.
784 799 798 783.
784 799 800 785.
785 800 799 784.
785 800 801 786.
786 801 800 785.
786 801 802 787.
787 802 801 786.
787 802 803 788.
788 803 802 787.
788 803 804 789.
789 804 803 788.
789 804 805 790.
790 805 804 789.
790 805 806 791.
791 806 805 790.
791 806 807 792.
792 807 806 791.
792 807 808 793.
793 808 807 792.
793 808 809 794.
794 809 808 793.
794 809 810 795.
795 810 809 794.
901 796 811.
901 811 796.
796 811 812 797.
797 812 811 796.
797 812 813 798.
798 813 812 797.
798 813 814 799.
799 814 813 798.
799 814 815 800.
800 815 814 799.
800 815 816 801.
801 816 815 800.
801 816 817 802.
802 817 816 801.
802 817 818 803.
803 818 817 802.
803 818 819 804.
804 819 818 803.
804 819 820 805.
805 820 819 804.
805 820 821 806.
806 821 820 805.
806 821 822 807.
807 822 821 806.
807 822 823 808.
808 823 822 807.
808 823 824 809.
809 824 823 808.
809 824 825 810.
810 825 824 809.
901 811 826.
901 826 811.
811 826 827 812.
812 827 826 811.
812 827 828 813.
813 828 827 812.
813 828 829 814.
814 829 828 813.
814 829 830 815.
815 830 829 814.
815 830 831 816.
816 831 830 815.
816 831 832 817.
817 832 831 816.
817 832 833 818.
818 833 832 817.
818 833 834 819.
819 834 833 818.
819 834 835 820.
820 835 834 819.
820 835 836 821.
821 836 835 820.
821 836 837 822.
822 837 836 821.
822 837 838 823.
823 838 837 822.
823 838 839 824.
824 839 838 823.
824 839 840 825.
825 840 839 824.
901 826 841.
901 841 826.
826 841 842 827.
827 842 841 826.
827 842 843 828.
828 843 842 827.
828 843 844 829.
829 844 843 828.
829 844 845 830.
830 845 844 829.
830 845 846 831.
831 846 845 830.
831 846 847 832.
832 847 846 831.
832 847 848 833.
833 848 847 832.
833 848 849 834.
834 849 848 833.
834 849 850 835.
835 850 849 834.
835 850 851 836.
836 851 850 835.
836 851 852 837.
837 852 851 836.
837 852 853 838.
838 853 852 837.
838 853 854 839.
839 854 853 838.
839 854 855 840.
840 855 854 839.
901 841 856.
901 856 841.
841 856 857 842.
842 857 856 841.
842 857 858 843.
843 858 857 842.
843 858 859 844.
844 859 858 843.
844 859 860 845.
845 860 859 844.
845 860 861 846.
846 861 860 845.
846 861 862 847.
847 862 861 846.
847 862 863 848.
848 863 862 847.
848 863 864 849.
849 864 863 848.
849 864 865 850.
850 865 864 849.
850 865 866 851.
851 866 865 850.
851 866 867 852.
852 867 866 851.
852 867 868 853.
853 868 867 852.
853 868 869 854.
854 869 868 853.
854 869 870 855.
855 870 869 854.
901 856 871.
901 871 856.
856 871 872 857.
857 872 871 856.
857 872 873 858.
858 873 872 857.
858 873 874 859.
859 874 873 858.
859 874 875 860.
860 875 874 859.
860 875 876 861.
861 876 875 860.
861 876 877 862.
862 877 876 861.
862 877 878 863.
863 878 877 862.
863 878 879 864.
864 879 878 863.
864 879 880 865.
865 880 879 864.
865 880 881 866.
866 881 880 865.
866 881 882 867.
867 882 881 866.
867 882 883 868.
868 883 882 867.
868 883 884 869.
869 884 883 868.
869 884 885 870.
870 885 884 869.
901 871 886.
901 886 871.
871 886 887 872.
872 887 886 871.
872 887 888 873.
873 888 887 872.
873 888 889 874.
874 889 888 873.
874 889 890 875.
875 890 889 874.
875 890 891 876.
876 891 890 875.
876 891 892 877.
877 892 891 876.
877 892 893 878.
878 893 892 877.
878 893 894 879.
879 894 893 878.
879 894 895 880.
880 895 894 879.
880 895 896 881.
881 896 895 880.
881 896 897 882.
882 897 896 881.
882 897 898 883.
883 898 897 882.
883 898 899 884.
884 899 898 883.
884 899 900 885.
885 900 899 884.
901 886 1.
901 1 886.
886 1 2 887.
887 2 1 886.
887 2 3 888.
888 3 2 887.
888 3 4 889.
889 4 3 888.
889 4 5 890.
890 5 4 889.
890 5 6 891.
891 6 5 890.
891 6 7 892.
892 7 6 891.
892 7 8 893.
893 8 7 892.
893 8 9 894.
894 9 8 893.
894 9 10 895.
895 10 9 894.
895 10 11 896.
896 11 10 895.
896 11 12 897.
897 12 11 896.
897 12 13 898.
898 13 12 897.
898 13 14 899.
899 14 13 898.
899 14 15 900.
900 15 14 899.
