1 0 0 9
2 0 5 12
3 0 9 12
4 0 10 11
5 0 10 5
6 0 11 4
7 0 34 4
8 0 36 6
9 0 50 6
10 0 50 5
11 0 41 1
22 0 41 1
23 0 42 1
24 0 5 -12
25 0 9 -12
26 0 10 -5
27 0 11 -4
28 0 34 -4
29 0 36 -6
30 0 42 -1
31 0 50 -6
32 0 50 -5
33 0 10 -11
34 0 0 0
35 -0.435779 4.980974 -12
36 -0.784402 8.965753 -12
37 -0.871557 9.961947 -11
38 -0.871557 9.961947 -5
39 -0.958713 10.958141 -4
40 -2.963295 33.870621 -4
41 -3.137607 35.86301 -6
42 -4.357787 49.809734 -6
43 -4.357787 49.809734 -5
44 -3.660541 41.840176 -1
45 -3.660541 41.840176 1
46 -4.357787 49.809734 5
47 -4.357787 49.809734 6
48 -3.137607 35.86301 6
49 -2.963295 33.870621 4
50 -0.958713 10.958141 4
51 -0.871557 9.961947 5
52 -0.871557 9.961947 11
53 -0.784402 8.965753 12
54 -0.435779 4.980974 12
55 -0.868241 4.924039 -12
56 -1.562834 8.86327 -12
57 -1.736482 9.848078 -11
58 -1.736482 9.848078 -5
59 -1.91013 10.832886 -4
60 -5.904038 33.483463 -4
61 -6.251334 35.453079 -6
62 -8.682408 49.240387 -6
63 -8.682408 49.240387 -5
64 -7.293223 41.361927 -1
65 -7.293223 41.361927 1
66 -8.682408 49.240387 5
67 -8.682408 49.240387 6
68 -6.251334 35.453079 6
69 -5.904038 33.483463 4
70 -1.91013 10.832886 4
71 -1.736482 9.848078 5
72 -1.736482 9.848078 11
73 -1.562834 8.86327 12
74 -0.868241 4.924039 12
75 -1.294095 4.829629 -12
76 -2.329371 8.693333 -12
77 -2.588191 9.659258 -11
78 -2.588191 9.659258 -5
79 -2.84701 10.625184 -4
80 -8.799848 32.841476 -4
81 -9.317486 34.773331 -6
82 -12.940952 48.296291 -6
83 -12.940952 48.296291 -5
84 -10.8704 40.568886 -1
85 -10.8704 40.568886 1
86 -12.940952 48.296291 5
87 -12.940952 48.296291 6
88 -9.317486 34.773331 6
89 -8.799848 32.841476 4
90 -2.84701 10.625184 4
91 -2.588191 9.659258 5
92 -2.588191 9.659258 11
93 -2.329371 8.693333 12
94 -1.294095 4.829629 12
95 -1.710101 4.698463 -12
96 -3.078181 8.457233 -12
97 -3.420201 9.396926 -11
98 -3.420201 9.396926 -5
99 -3.762222 10.336618 -4
100 -11.628685 31.949549 -4
101 -12.312725 33.828934 -6
102 -17.101007 46.984631 -6
103 -17.101007 46.984631 -5
104 -14.364845 39.467091 -1
105 -14.364845 39.467091 1
106 -17.101007 46.984631 5
107 -17.101007 46.984631 6
108 -12.312725 33.828934 6
109 -11.628685 31.949549 4
110 -3.762222 10.336618 4
111 -3.420201 9.396926 5
112 -3.420201 9.396926 11
113 -3.078181 8.457233 12
114 -1.710101 4.698463 12
115 -2.113091 4.531539 -12
116 -3.803564 8.15677 -12
117 -4.226182 9.063078 -11
118 -4.226182 9.063078 -5
119 -4.6488 9.969386 -4
120 -14.36902 30.814465 -4
121 -15.214256 32.627079 -6
122 -21.130913 45.315392 -6
123 -21.130913 45.315392 -5
124 -17.749966 38.064926 -1
125 -17.749966 38.064926 1
126 -21.130913 45.315392 5
127 -21.130913 45.315392 6
128 -15.214256 32.627079 6
129 -14.36902 30.814465 4
130 -4.6488 9.969386 4
131 -4.226182 9.063078 5
132 -4.226182 9.063078 11
133 -3.803564 8.15677 12
134 -2.113091 4.531539 12
135 -2.5 4.330127 -12
136 -4.5 7.794229 -12
137 -5 8.660254 -11
138 -5 8.660254 -5
139 -5.5 9.526279 -4
140 -17 29.444864 -4
141 -18 31.176914 -6
142 -25 43.30127 -6
143 -25 43.30127 -5
144 -21 36.373066 -1
145 -21 36.373066 1
146 -25 43.30127 5
147 -25 43.30127 6
148 -18 31.176914 6
149 -17 29.444864 4
150 -5.5 9.526279 4
151 -5 8.660254 5
152 -5 8.660254 11
153 -4.5 7.794229 12
154 -2.5 4.330127 12
155 -2.867882 4.09576 -12
156 -5.162188 7.372368 -12
157 -5.735765 8.191521 -11
158 -5.735765 8.191521 -5
159 -6.309341 9.010673 -4
160 -19.501598 27.85117 -4
161 -20.648752 29.489473 -6
162 -28.678822 40.957603 -6
163 -28.678822 40.957603 -5
164 -24.09021 34.404385 -1
165 -24.09021 34.404385 1
166 -28.678822 40.957603 5
167 -28.678822 40.957603 6
168 -20.648752 29.489473 6
169 -19.501598 27.85117 4
170 -6.309341 9.010673 4
171 -5.735765 8.191521 5
172 -5.735765 8.191521 11
173 -5.162188 7.372368 12
174 -2.867882 4.09576 12
175 -3.213938 3.830222 -12
176 -5.785089 6.8944 -12
177 -6.427876 7.660445 -11
178 -6.427876 7.660445 -5
179 -7.070663 8.426489 -4
180 -21.854778 26.045511 -4
181 -23.140354 27.5776 -6
182 -32.139381 38.302223 -6
183 -32.139381 38.302223 -5
184 -26.99708 32.173866 -1
185 -26.99708 32.173866 1
186 -32.139381 38.302223 5
187 -32.139381 38.302223 6
188 -23.140354 27.5776 6
189 -21.854778 26.045511 4
190 -7.070663 8.426489 4
191 -6.427876 7.660445 5
192 -6.427876 7.660445 11
193 -5.785089 6.8944 12
194 -3.213938 3.830222 12
195 -3.535534 3.535534 -12
196 -6.363961 6.363961 -12
197 -7.071067 7.071068 -11
198 -7.071067 7.071068 -5
199 -7.778174 7.778175 -4
200 -24.04163 24.041632 -4
201 -25.455843 25.455845 -6
202 -35.355339 35.355339 -6
203 -35.355339 35.355339 -5
204 -29.698484 29.698486 -1
205 -29.698484 29.698486 1
206 -35.355339 35.355339 5
207 -35.355339 35.355339 6
208 -25.455843 25.455845 6
209 -24.04163 24.041632 4
210 -7.778174 7.778175 4
211 -7.071067 7.071068 5
212 -7.071067 7.071068 11
213 -6.363961 6.363961 12
214 -3.535534 3.535534 12
215 -3.830222 3.213938 -12
216 -6.8944 5.785089 -12
217 -7.660444 6.427876 -11
218 -7.660444 6.427876 -5
219 -8.426489 7.070664 -4
220 -26.045509 21.85478 -4
221 -27.577599 23.140356 -6
222 -38.302219 32.139381 -6
223 -38.302219 32.139381 -5
224 -32.173866 26.997082 -1
225 -32.173866 26.997082 1
226 -38.302219 32.139381 5
227 -38.302219 32.139381 6
228 -27.577599 23.140356 6
229 -26.045509 21.85478 4
230 -8.426489 7.070664 4
231 -7.660444 6.427876 5
232 -7.660444 6.427876 11
233 -6.8944 5.785089 12
234 -3.830222 3.213938 12
235 -4.09576 2.867882 -12
236 -7.372368 5.162188 -12
237 -8.191521 5.735765 -11
238 -8.191521 5.735765 -5
239 -9.010673 6.309341 -4
240 -27.85117 19.501598 -4
241 -29.489473 20.648752 -6
242 -40.957603 28.678822 -6
243 -40.957603 28.678822 -5
244 -34.404385 24.09021 -1
245 -34.404385 24.09021 1
246 -40.957603 28.678822 5
247 -40.957603 28.678822 6
248 -29.489473 20.648752 6
249 -27.85117 19.501598 4
250 -9.010673 6.309341 4
251 -8.191521 5.735765 5
252 -8.191521 5.735765 11
253 -7.372368 5.162188 12
254 -4.09576 2.867882 12
255 -4.330127 2.5 -12
256 -7.794229 4.5 -12
257 -8.660254 5 -11
258 -8.660254 5 -5
259 -9.526279 5.5 -4
260 -29.444864 17 -4
261 -31.176914 18 -6
262 -43.30127 24.999998 -6
263 -43.30127 24.999998 -5
264 -36.373066 20.999998 -1
265 -36.373066 20.999998 1
266 -43.30127 24.999998 5
267 -43.30127 24.999998 6
268 -31.176914 18 6
269 -29.444864 17 4
270 -9.526279 5.5 4
271 -8.660254 5 5
272 -8.660254 5 11
273 -7.794229 4.5 12
274 -4.330127 2.5 12
275 -4.531539 2.113091 -12
276 -8.15677 3.803564 -12
277 -9.063078 4.226182 -11
278 -9.063078 4.226182 -5
279 -9.969386 4.648801 -4
280 -30.814465 14.36902 -4
281 -32.627079 15.214257 -6
282 -45.315388 21.130913 -6
283 -45.315388 21.130913 -5
284 -38.064926 17.749966 -1
285 -38.064926 17.749966 1
286 -45.315388 21.130913 5
287 -45.315388 21.130913 6
288 -32.627079 15.214257 6
289 -30.814465 14.36902 4
290 -9.969386 4.648801 4
291 -9.063078 4.226182 5
292 -9.063078 4.226182 11
293 -8.15677 3.803564 12
294 -4.531539 2.113091 12
295 -4.698463 1.710101 -12
296 -8.457233 3.078181 -12
297 -9.396926 3.420202 -11
298 -9.396926 3.420202 -5
299 -10.336618 3.762222 -4
300 -31.949549 11.628685 -4
301 -33.828934 12.312725 -6
302 -46.984631 17.101007 -6
303 -46.984631 17.101007 -5
304 -39.467091 14.364846 -1
305 -39.467091 14.364846 1
306 -46.984631 17.101007 5
307 -46.984631 17.101007 6
308 -33.828934 12.312725 6
309 -31.949549 11.628685 4
310 -10.336618 3.762222 4
311 -9.396926 3.420202 5
312 -9.396926 3.420202 11
313 -8.457233 3.078181 12
314 -4.698463 1.710101 12
315 -4.829629 1.294095 -12
316 -8.693333 2.329372 -12
317 -9.659258 2.588191 -11
318 -9.659258 2.588191 -5
319 -10.625184 2.84701 -4
320 -32.841476 8.799849 -4
321 -34.773331 9.317487 -6
322 -48.296291 12.940953 -6
323 -48.296291 12.940953 -5
324 -40.568886 10.8704 -1
325 -40.568886 10.8704 1
326 -48.296291 12.940953 5
327 -48.296291 12.940953 6
328 -34.773331 9.317487 6
329 -32.841476 8.799849 4
330 -10.625184 2.84701 4
331 -9.659258 2.588191 5
332 -9.659258 2.588191 11
333 -8.693333 2.329372 12
334 -4.829629 1.294095 12
335 -4.924039 0.868241 -12
336 -8.86327 1.562834 -12
337 -9.848078 1.736482 -11
338 -9.848078 1.736482 -5
339 -10.832885 1.91013 -4
340 -33.483463 5.904039 -4
341 -35.453079 6.251336 -6
342 -49.240387 8.682411 -6
343 -49.240387 8.682411 -5
344 -41.361927 7.293225 -1
345 -41.361927 7.293225 1
346 -49.240387 8.682411 5
347 -49.240387 8.682411 6
348 -35.453079 6.251336 6
349 -33.483463 5.904039 4
350 -10.832885 1.91013 4
351 -9.848078 1.736482 5
352 -9.848078 1.736482 11
353 -8.86327 1.562834 12
354 -4.924039 0.868241 12
355 -4.980973 0.435779 -12
356 -8.965753 0.784402 -12
357 -9.961946 0.871558 -11
358 -9.961946 0.871558 -5
359 -10.958141 0.958714 -4
360 -33.870621 2.963297 -4
361 -35.86301 3.137609 -6
362 -49.809734 4.35779 -6
363 -49.809734 4.35779 -5
364 -41.840176 3.660544 -1
365 -41.840176 3.660544 1
366 -49.809734 4.35779 5
367 -49.809734 4.35779 6
368 -35.86301 3.137609 6
369 -33.870621 2.963297 4
370 -10.958141 0.958714 4
371 -9.961946 0.871558 5
372 -9.961946 0.871558 11
373 -8.965753 0.784402 12
374 -4.980973 0.435779 12
375 -5 0 -12
376 -9 0.000001 -12
377 -10 0.000001 -11
378 -10 0.000001 -5
379 -11 0.000001 -4
380 -34 0.000003 -4
381 -36 0.000003 -6
382 -50 0.000004 -6
383 -50 0.000004 -5
384 -42 0.000003 -1
385 -42 0.000003 1
386 -50 0.000004 5
387 -50 0.000004 6
388 -36 0.000003 6
389 -34 0.000003 4
390 -11 0.000001 4
391 -10 0.000001 5
392 -10 0.000001 11
393 -9 0.000001 12
394 -5 0 12
395 -4.980974 -0.435778 -12
396 -8.965753 -0.784401 -12
397 -9.961947 -0.871557 -11
398 -9.961947 -0.871557 -5
399 -10.958141 -0.958712 -4
400 -33.870621 -2.963292 -4
401 -35.86301 -3.137604 -6
402 -49.809734 -4.357782 -6
403 -49.809734 -4.357782 -5
404 -41.840179 -3.660537 -1
405 -41.840179 -3.660537 1
406 -49.809734 -4.357782 5
407 -49.809734 -4.357782 6
408 -35.86301 -3.137604 6
409 -33.870621 -2.963292 4
410 -10.958141 -0.958712 4
411 -9.961947 -0.871557 5
412 -9.961947 -0.871557 11
413 -8.965753 -0.784401 12
414 -4.980974 -0.435778 12
415 -4.924039 -0.86824 -12
416 -8.86327 -1.562833 -12
417 -9.848078 -1.736481 -11
418 -9.848078 -1.736481 -5
419 -10.832886 -1.910129 -4
420 -33.483463 -5.904034 -4
421 -35.453079 -6.25133 -6
422 -49.240387 -8.682404 -6
423 -49.240387 -8.682404 -5
424 -41.361927 -7.293219 -1
425 -41.361927 -7.293219 1
426 -49.240387 -8.682404 5
427 -49.240387 -8.682404 6
428 -35.453079 -6.25133 6
429 -33.483463 -5.904034 4
430 -10.832886 -1.910129 4
431 -9.848078 -1.736481 5
432 -9.848078 -1.736481 11
433 -8.86327 -1.562833 12
434 -4.924039 -0.86824 12
435 -4.829629 -1.294095 -12
436 -8.693333 -2.329371 -12
437 -9.659258 -2.58819 -11
438 -9.659258 -2.58819 -5
439 -10.625184 -2.847009 -4
440 -32.841476 -8.799848 -4
441 -34.773331 -9.317485 -6
442 -48.296291 -12.940952 -6
443 -48.296291 -12.940952 -5
444 -40.568886 -10.870399 -1
445 -40.568886 -10.870399 1
446 -48.296291 -12.940952 5
447 -48.296291 -12.940952 6
448 -34.773331 -9.317485 6
449 -32.841476 -8.799848 4
450 -10.625184 -2.847009 4
451 -9.659258 -2.58819 5
452 -9.659258 -2.58819 11
453 -8.693333 -2.329371 12
454 -4.829629 -1.294095 12
455 -4.698463 -1.710101 -12
456 -8.457233 -3.078181 -12
457 -9.396926 -3.420201 -11
458 -9.396926 -3.420201 -5
459 -10.336619 -3.762221 -4
460 -31.949549 -11.628684 -4
461 -33.828934 -12.312724 -6
462 -46.984631 -17.101006 -6
463 -46.984631 -17.101006 -5
464 -39.467091 -14.364845 -1
465 -39.467091 -14.364845 1
466 -46.984631 -17.101006 5
467 -46.984631 -17.101006 6
468 -33.828934 -12.312724 6
469 -31.949549 -11.628684 4
470 -10.336619 -3.762221 4
471 -9.396926 -3.420201 5
472 -9.396926 -3.420201 11
473 -8.457233 -3.078181 12
474 -4.698463 -1.710101 12
475 -4.531539 -2.113091 -12
476 -8.156771 -3.803563 -12
477 -9.063079 -4.226181 -11
478 -9.063079 -4.226181 -5
479 -9.969386 -4.648799 -4
480 -30.814466 -14.369016 -4
481 -32.627083 -15.214252 -6
482 -45.315392 -21.130905 -6
483 -45.315392 -21.130905 -5
484 -38.06493 -17.74996 -1
485 -38.06493 -17.74996 1
486 -45.315392 -21.130905 5
487 -45.315392 -21.130905 6
488 -32.627083 -15.214252 6
489 -30.814466 -14.369016 4
490 -9.969386 -4.648799 4
491 -9.063079 -4.226181 5
492 -9.063079 -4.226181 11
493 -8.156771 -3.803563 12
494 -4.531539 -2.113091 12
495 -4.330127 -2.5 -12
496 -7.794229 -4.5 -12
497 -8.660254 -5 -11
498 -8.660254 -5 -5
499 -9.526279 -5.5 -4
500 -29.444862 -17.000002 -4
501 -31.176914 -18.000002 -6
502 -43.30127 -25.000002 -6
503 -43.30127 -25.000002 -5
504 -36.373066 -21.000002 -1
505 -36.373066 -21.000002 1
506 -43.30127 -25.000002 5
507 -43.30127 -25.000002 6
508 -31.176914 -18.000002 6
509 -29.444862 -17.000002 4
510 -9.526279 -5.5 4
511 -8.660254 -5 5
512 -8.660254 -5 11
513 -7.794229 -4.5 12
514 -4.330127 -2.5 12
515 -4.09576 -2.867882 -12
516 -7.372368 -5.162188 -12
517 -8.19152 -5.735765 -11
518 -8.19152 -5.735765 -5
519 -9.010673 -6.309341 -4
520 -27.85117 -19.5016 -4
521 -29.489473 -20.648752 -6
522 -40.9576 -28.678823 -6
523 -40.9576 -28.678823 -5
524 -34.404385 -24.090212 -1
525 -34.404385 -24.090212 1
526 -40.9576 -28.678823 5
527 -40.9576 -28.678823 6
528 -29.489473 -20.648752 6
529 -27.85117 -19.5016 4
530 -9.010673 -6.309341 4
531 -8.19152 -5.735765 5
532 -8.19152 -5.735765 11
533 -7.372368 -5.162188 12
534 -4.09576 -2.867882 12
535 -3.830222 -3.213938 -12
536 -6.8944 -5.785089 -12
537 -7.660444 -6.427876 -11
538 -7.660444 -6.427876 -5
539 -8.426489 -7.070664 -4
540 -26.045511 -21.85478 -4
541 -27.577599 -23.140354 -6
542 -38.302223 -32.139381 -6
543 -38.302223 -32.139381 -5
544 -32.173866 -26.99708 -1
545 -32.173866 -26.99708 1
546 -38.302223 -32.139381 5
547 -38.302223 -32.139381 6
548 -27.577599 -23.140354 6
549 -26.045511 -21.85478 4
550 -8.426489 -7.070664 4
551 -7.660444 -6.427876 5
552 -7.660444 -6.427876 11
553 -6.8944 -5.785089 12
554 -3.830222 -3.213938 12
555 -3.535534 -3.535534 -12
556 -6.363961 -6.363961 -12
557 -7.071068 -7.071068 -11
558 -7.071068 -7.071068 -5
559 -7.778174 -7.778175 -4
560 -24.04163 -24.04163 -4
561 -25.455845 -25.455845 -6
562 -35.355339 -35.355339 -6
563 -35.355339 -35.355339 -5
564 -29.698484 -29.698484 -1
565 -29.698484 -29.698484 1
566 -35.355339 -35.355339 5
567 -35.355339 -35.355339 6
568 -25.455845 -25.455845 6
569 -24.04163 -24.04163 4
570 -7.778174 -7.778175 4
571 -7.071068 -7.071068 5
572 -7.071068 -7.071068 11
573 -6.363961 -6.363961 12
574 -3.535534 -3.535534 12
575 -3.213938 -3.830222 -12
576 -5.785089 -6.8944 -12
577 -6.427876 -7.660444 -11
578 -6.427876 -7.660444 -5
579 -7.070664 -8.426489 -4
580 -21.854778 -26.045511 -4
581 -23.140354 -27.5776 -6
582 -32.139381 -38.302223 -6
583 -32.139381 -38.302223 -5
584 -26.99708 -32.173866 -1
585 -26.99708 -32.173866 1
586 -32.139381 -38.302223 5
587 -32.139381 -38.302223 6
588 -23.140354 -27.5776 6
589 -21.854778 -26.045511 4
590 -7.070664 -8.426489 4
591 -6.427876 -7.660444 5
592 -6.427876 -7.660444 11
593 -5.785089 -6.8944 12
594 -3.213938 -3.830222 12
595 -2.867882 -4.09576 -12
596 -5.162188 -7.372368 -12
597 -5.735765 -8.191521 -11
598 -5.735765 -8.191521 -5
599 -6.309341 -9.010673 -4
600 -19.5016 -27.85117 -4
601 -20.648752 -29.489473 -6
602 -28.678823 -40.9576 -6
603 -28.678823 -40.9576 -5
604 -24.090212 -34.404385 -1
605 -24.090212 -34.404385 1
606 -28.678823 -40.9576 5
607 -28.678823 -40.9576 6
608 -20.648752 -29.489473 6
609 -19.5016 -27.85117 4
610 -6.309341 -9.010673 4
611 -5.735765 -8.191521 5
612 -5.735765 -8.191521 11
613 -5.162188 -7.372368 12
614 -2.867882 -4.09576 12
615 -2.5 -4.330127 -12
616 -4.5 -7.794229 -12
617 -5 -8.660254 -11
618 -5 -8.660254 -5
619 -5.5 -9.526279 -4
620 -17.000002 -29.444862 -4
621 -18.000002 -31.176914 -6
622 -25.000002 -43.30127 -6
623 -25.000002 -43.30127 -5
624 -21.000002 -36.373066 -1
625 -21.000002 -36.373066 1
626 -25.000002 -43.30127 5
627 -25.000002 -43.30127 6
628 -18.000002 -31.176914 6
629 -17.000002 -29.444862 4
630 -5.5 -9.526279 4
631 -5 -8.660254 5
632 -5 -8.660254 11
633 -4.5 -7.794229 12
634 -2.5 -4.330127 12
635 -2.113092 -4.531539 -12
636 -3.803565 -8.15677 -12
637 -4.226183 -9.063078 -11
638 -4.226183 -9.063078 -5
639 -4.648801 -9.969385 -4
640 -14.369023 -30.814465 -4
641 -15.214259 -32.627079 -6
642 -21.130917 -45.315388 -6
643 -21.130917 -45.315388 -5
644 -17.749969 -38.064926 -1
645 -17.749969 -38.064926 1
646 -21.130917 -45.315388 5
647 -21.130917 -45.315388 6
648 -15.214259 -32.627079 6
649 -14.369023 -30.814465 4
650 -4.648801 -9.969385 4
651 -4.226183 -9.063078 5
652 -4.226183 -9.063078 11
653 -3.803565 -8.15677 12
654 -2.113092 -4.531539 12
655 -1.710101 -4.698463 -12
656 -3.078182 -8.457233 -12
657 -3.420202 -9.396926 -11
658 -3.420202 -9.396926 -5
659 -3.762223 -10.336618 -4
660 -11.628688 -31.949549 -4
661 -12.312728 -33.828934 -6
662 -17.101011 -46.984631 -6
663 -17.101011 -46.984631 -5
664 -14.364849 -39.467091 -1
665 -14.364849 -39.467091 1
666 -17.101011 -46.984631 5
667 -17.101011 -46.984631 6
668 -12.312728 -33.828934 6
669 -11.628688 -31.949549 4
670 -3.762223 -10.336618 4
671 -3.420202 -9.396926 5
672 -3.420202 -9.396926 11
673 -3.078182 -8.457233 12
674 -1.710101 -4.698463 12
675 -1.294096 -4.829629 -12
676 -2.329372 -8.693333 -12
677 -2.588192 -9.659258 -11
678 -2.588192 -9.659258 -5
679 -2.847011 -10.625184 -4
680 -8.79985 -32.841476 -4
681 -9.317489 -34.773331 -6
682 -12.940957 -48.296291 -6
683 -12.940957 -48.296291 -5
684 -10.870404 -40.568882 -1
685 -10.870404 -40.568882 1
686 -12.940957 -48.296291 5
687 -12.940957 -48.296291 6
688 -9.317489 -34.773331 6
689 -8.79985 -32.841476 4
690 -2.847011 -10.625184 4
691 -2.588192 -9.659258 5
692 -2.588192 -9.659258 11
693 -2.329372 -8.693333 12
694 -1.294096 -4.829629 12
695 -0.868241 -4.924039 -12
696 -1.562835 -8.86327 -12
697 -1.736483 -9.848078 -11
698 -1.736483 -9.848078 -5
699 -1.910131 -10.832885 -4
700 -5.904042 -33.483463 -4
701 -6.251338 -35.453079 -6
702 -8.682415 -49.240387 -6
703 -8.682415 -49.240387 -5
704 -7.293228 -41.361923 -1
705 -7.293228 -41.361923 1
706 -8.682415 -49.240387 5
707 -8.682415 -49.240387 6
708 -6.251338 -35.453079 6
709 -5.904042 -33.483463 4
710 -1.910131 -10.832885 4
711 -1.736483 -9.848078 5
712 -1.736483 -9.848078 11
713 -1.562835 -8.86327 12
714 -0.868241 -4.924039 12
715 -0.435779 -4.980973 -12
716 -0.784403 -8.965753 -12
717 -0.871559 -9.961946 -11
718 -0.871559 -9.961946 -5
719 -0.958715 -10.958141 -4
720 -2.9633 -33.870621 -4
721 -3.137612 -35.86301 -6
722 -4.357794 -49.809734 -6
723 -4.357794 -49.809734 -5
724 -3.660547 -41.840176 -1
725 -3.660547 -41.840176 1
726 -4.357794 -49.809734 5
727 -4.357794 -49.809734 6
728 -3.137612 -35.86301 6
729 -2.9633 -33.870621 4
730 -0.958715 -10.958141 4
731 -0.871559 -9.961946 5
732 -0.871559 -9.961946 11
733 -0.784403 -8.965753 12
734 -0.435779 -4.980973 12
735 -0.000001 -5 -12
736 -0.000001 -9 -12
737 -0.000002 -10 -11
738 -0.000002 -10 -5
739 -0.000002 -11 -4
740 -0.000005 -34 -4
741 -0.000005 -36 -6
742 -0.000008 -50 -6
743 -0.000008 -50 -5
744 -0.000006 -42 -1
745 -0.000006 -42 1
746 -0.000008 -50 5
747 -0.000008 -50 6
748 -0.000005 -36 6
749 -0.000005 -34 4
750 -0.000002 -11 4
751 -0.000002 -10 5
752 -0.000002 -10 11
753 -0.000001 -9 12
754 -0.000001 -5 12
755 0.435778 -4.980974 -12
756 0.7844 -8.965753 -12
757 0.871556 -9.961947 -11
758 0.871556 -9.961947 -5
759 0.958711 -10.958142 -4
760 2.963289 -33.870621 -4
761 3.137601 -35.86301 -6
762 4.357779 -49.809734 -6
763 4.357779 -49.809734 -5
764 3.660534 -41.840179 -1
765 3.660534 -41.840179 1
766 4.357779 -49.809734 5
767 4.357779 -49.809734 6
768 3.137601 -35.86301 6
769 2.963289 -33.870621 4
770 0.958711 -10.958142 4
771 0.871556 -9.961947 5
772 0.871556 -9.961947 11
773 0.7844 -8.965753 12
774 0.435778 -4.980974 12
775 0.86824 -4.924039 -12
776 1.562832 -8.86327 -12
777 1.73648 -9.848078 -11
778 1.73648 -9.848078 -5
779 1.910128 -10.832886 -4
780 5.904032 -33.483463 -4
781 6.251328 -35.453079 -6
782 8.6824 -49.240391 -6
783 8.6824 -49.240391 -5
784 7.293216 -41.361927 -1
785 7.293216 -41.361927 1
786 8.6824 -49.240391 5
787 8.6824 -49.240391 6
788 6.251328 -35.453079 6
789 5.904032 -33.483463 4
790 1.910128 -10.832886 4
791 1.73648 -9.848078 5
792 1.73648 -9.848078 11
793 1.562832 -8.86327 12
794 0.86824 -4.924039 12
795 1.294094 -4.829629 -12
796 2.32937 -8.693333 -12
797 2.588188 -9.659259 -11
798 2.588188 -9.659259 -5
799 2.847007 -10.625185 -4
800 8.799841 -32.84148 -4
801 9.317478 -34.773331 -6
802 12.940943 -48.296295 -6
803 12.940943 -48.296295 -5
804 10.870392 -40.568886 -1
805 10.870392 -40.568886 1
806 12.940943 -48.296295 5
807 12.940943 -48.296295 6
808 9.317478 -34.773331 6
809 8.799841 -32.84148 4
810 2.847007 -10.625185 4
811 2.588188 -9.659259 5
812 2.588188 -9.659259 11
813 2.32937 -8.693333 12
814 1.294094 -4.829629 12
815 1.7101 -4.698463 -12
816 3.078179 -8.457234 -12
817 3.420199 -9.396927 -11
818 3.420199 -9.396927 -5
819 3.762219 -10.336619 -4
820 11.628677 -31.949553 -4
821 12.312717 -33.828938 -6
822 17.100996 -46.984634 -6
823 17.100996 -46.984634 -5
824 14.364838 -39.467094 -1
825 14.364838 -39.467094 1
826 17.100996 -46.984634 5
827 17.100996 -46.984634 6
828 12.312717 -33.828938 6
829 11.628677 -31.949553 4
830 3.762219 -10.336619 4
831 3.420199 -9.396927 5
832 3.420199 -9.396927 11
833 3.078179 -8.457234 12
834 1.7101 -4.698463 12
835 2.113091 -4.531539 -12
836 3.803564 -8.15677 -12
837 4.226182 -9.063078 -11
838 4.226182 -9.063078 -5
839 4.648801 -9.969386 -4
840 14.36902 -30.814465 -4
841 15.214257 -32.627079 -6
842 21.130913 -45.315388 -6
843 21.130913 -45.315388 -5
844 17.749968 -38.064926 -1
845 17.749968 -38.064926 1
846 21.130913 -45.315388 5
847 21.130913 -45.315388 6
848 15.214257 -32.627079 6
849 14.36902 -30.814465 4
850 4.648801 -9.969386 4
851 4.226182 -9.063078 5
852 4.226182 -9.063078 11
853 3.803564 -8.15677 12
854 2.113091 -4.531539 12
855 2.5 -4.330127 -12
856 4.5 -7.794229 -12
857 5 -8.660254 -11
858 5 -8.660254 -5
859 5.5 -9.526279 -4
860 17 -29.444864 -4
861 18 -31.176914 -6
862 25 -43.30127 -6
863 25 -43.30127 -5
864 21 -36.373066 -1
865 21 -36.373066 1
866 25 -43.30127 5
867 25 -43.30127 6
868 18 -31.176914 6
869 17 -29.444864 4
870 5.5 -9.526279 4
871 5 -8.660254 5
872 5 -8.660254 11
873 4.5 -7.794229 12
874 2.5 -4.330127 12
875 2.867882 -4.09576 -12
876 5.162188 -7.372369 -12
877 5.735764 -8.191521 -11
878 5.735764 -8.191521 -5
879 6.30934 -9.010673 -4
880 19.501598 -27.85117 -4
881 20.64875 -29.489475 -6
882 28.67882 -40.957603 -6
883 28.67882 -40.957603 -5
884 24.09021 -34.404388 -1
885 24.09021 -34.404388 1
886 28.67882 -40.957603 5
887 28.67882 -40.957603 6
888 20.64875 -29.489475 6
889 19.501598 -27.85117 4
890 6.30934 -9.010673 4
891 5.735764 -8.191521 5
892 5.735764 -8.191521 11
893 5.162188 -7.372369 12
894 2.867882 -4.09576 12
895 3.213938 -3.830222 -12
896 5.785088 -6.8944 -12
897 6.427876 -7.660445 -11
898 6.427876 -7.660445 -5
899 7.070663 -8.426489 -4
900 21.854778 -26.045513 -4
901 23.140352 -27.5776 -6
902 32.139378 -38.302223 -6
903 32.139378 -38.302223 -5
904 26.997078 -32.173866 -1
905 26.997078 -32.173866 1
906 32.139378 -38.302223 5
907 32.139378 -38.302223 6
908 23.140352 -27.5776 6
909 21.854778 -26.045513 4
910 7.070663 -8.426489 4
911 6.427876 -7.660445 5
912 6.427876 -7.660445 11
913 5.785088 -6.8944 12
914 3.213938 -3.830222 12
915 3.535534 -3.535534 -12
916 6.363961 -6.363962 -12
917 7.071067 -7.071068 -11
918 7.071067 -7.071068 -5
919 7.778174 -7.778175 -4
920 24.04163 -24.041632 -4
921 25.455843 -25.455847 -6
922 35.355335 -35.355343 -6
923 35.355335 -35.355343 -5
924 29.698483 -29.698486 -1
925 29.698483 -29.698486 1
926 35.355335 -35.355343 5
927 35.355335 -35.355343 6
928 25.455843 -25.455847 6
929 24.04163 -24.041632 4
930 7.778174 -7.778175 4
931 7.071067 -7.071068 5
932 7.071067 -7.071068 11
933 6.363961 -6.363962 12
934 3.535534 -3.535534 12
935 3.830221 -3.213939 -12
936 6.894398 -5.785091 -12
937 7.660442 -6.427878 -11
938 7.660442 -6.427878 -5
939 8.426487 -7.070666 -4
940 26.045504 -21.854788 -4
941 27.577593 -23.140364 -6
942 38.302212 -32.139393 -6
943 38.302212 -32.139393 -5
944 32.173859 -26.997089 -1
945 32.173859 -26.997089 1
946 38.302212 -32.139393 5
947 38.302212 -32.139393 6
948 27.577593 -23.140364 6
949 26.045504 -21.854788 4
950 8.426487 -7.070666 4
951 7.660442 -6.427878 5
952 7.660442 -6.427878 11
953 6.894398 -5.785091 12
954 3.830221 -3.213939 12
955 4.095759 -2.867884 -12
956 7.372366 -5.16219 -12
957 8.191519 -5.735767 -11
958 8.191519 -5.735767 -5
959 9.010671 -6.309344 -4
960 27.851162 -19.501608 -4
961 29.489466 -20.648762 -6
962 40.957592 -28.678835 -6
963 40.957592 -28.678835 -5
964 34.404377 -24.090221 -1
965 34.404377 -24.090221 1
966 40.957592 -28.678835 5
967 40.957592 -28.678835 6
968 29.489466 -20.648762 6
969 27.851162 -19.501608 4
970 9.010671 -6.309344 4
971 8.191519 -5.735767 5
972 8.191519 -5.735767 11
973 7.372366 -5.16219 12
974 4.095759 -2.867884 12
975 4.330127 -2.5 -12
976 7.794229 -4.499999 -12
977 8.660254 -4.999999 -11
978 8.660254 -4.999999 -5
979 9.52628 -5.499999 -4
980 29.444866 -16.999996 -4
981 31.176916 -17.999996 -6
982 43.301273 -24.999994 -6
983 43.301273 -24.999994 -5
984 36.37307 -20.999996 -1
985 36.37307 -20.999996 1
986 43.301273 -24.999994 5
987 43.301273 -24.999994 6
988 31.176916 -17.999996 6
989 29.444866 -16.999996 4
990 9.52628 -5.499999 4
991 8.660254 -4.999999 5
992 8.660254 -4.999999 11
993 7.794229 -4.499999 12
994 4.330127 -2.5 12
995 4.531539 -2.113091 -12
996 8.156771 -3.803564 -12
997 9.063078 -4.226182 -11
998 9.063078 -4.226182 -5
999 9.969386 -4.6488 -4
1000 30.814466 -14.369018 -4
1001 32.627083 -15.214254 -6
1002 45.315392 -21.130909 -6
1003 45.315392 -21.130909 -5
1004 38.06493 -17.749964 -1
1005 38.06493 -17.749964 1
1006 45.315392 -21.130909 5
1007 45.315392 -21.130909 6
1008 32.627083 -15.214254 6
1009 30.814466 -14.369018 4
1010 9.969386 -4.6488 4
1011 9.063078 -4.226182 5
1012 9.063078 -4.226182 11
1013 8.156771 -3.803564 12
1014 4.531539 -2.113091 12
1015 4.698463 -1.7101 -12
1016 8.457233 -3.078181 -12
1017 9.396927 -3.420201 -11
1018 9.396927 -3.420201 -5
1019 10.336619 -3.762221 -4
1020 31.949551 -11.628682 -4
1021 33.828934 -12.312722 -6
1022 46.984631 -17.101004 -6
1023 46.984631 -17.101004 -5
1024 39.467091 -14.364842 -1
1025 39.467091 -14.364842 1
1026 46.984631 -17.101004 5
1027 46.984631 -17.101004 6
1028 33.828934 -12.312722 6
1029 31.949551 -11.628682 4
1030 10.336619 -3.762221 4
1031 9.396927 -3.420201 5
1032 9.396927 -3.420201 11
1033 8.457233 -3.078181 12
1034 4.698463 -1.7101 12
1035 4.829629 -1.294095 -12
1036 8.693333 -2.329371 -12
1037 9.659259 -2.58819 -11
1038 9.659259 -2.58819 -5
1039 10.625184 -2.847009 -4
1040 32.84148 -8.799846 -4
1041 34.773331 -9.317483 -6
1042 48.296291 -12.940949 -6
1043 48.296291 -12.940949 -5
1044 40.568886 -10.870398 -1
1045 40.568886 -10.870398 1
1046 48.296291 -12.940949 5
1047 48.296291 -12.940949 6
1048 34.773331 -9.317483 6
1049 32.84148 -8.799846 4
1050 10.625184 -2.847009 4
1051 9.659259 -2.58819 5
1052 9.659259 -2.58819 11
1053 8.693333 -2.329371 12
1054 4.829629 -1.294095 12
1055 4.924039 -0.868241 -12
1056 8.86327 -1.562833 -12
1057 9.848078 -1.736481 -11
1058 9.848078 -1.736481 -5
1059 10.832886 -1.910129 -4
1060 33.483463 -5.904037 -4
1061 35.453079 -6.251333 -6
1062 49.240387 -8.682406 -6
1063 49.240387 -8.682406 -5
1064 41.361927 -7.293221 -1
1065 41.361927 -7.293221 1
1066 49.240387 -8.682406 5
1067 49.240387 -8.682406 6
1068 35.453079 -6.251333 6
1069 33.483463 -5.904037 4
1070 10.832886 -1.910129 4
1071 9.848078 -1.736481 5
1072 9.848078 -1.736481 11
1073 8.86327 -1.562833 12
1074 4.924039 -0.868241 12
1075 4.980974 -0.435779 -12
1076 8.965753 -0.784401 -12
1077 9.961947 -0.871557 -11
1078 9.961947 -0.871557 -5
1079 10.958141 -0.958713 -4
1080 33.870621 -2.963294 -4
1081 35.86301 -3.137606 -6
1082 49.809734 -4.357786 -6
1083 49.809734 -4.357786 -5
1084 41.840176 -3.66054 -1
1085 41.840176 -3.66054 1
1086 49.809734 -4.357786 5
1087 49.809734 -4.357786 6
1088 35.86301 -3.137606 6
1089 33.870621 -2.963294 4
1090 10.958141 -0.958713 4
1091 9.961947 -0.871557 5
1092 9.961947 -0.871557 11
1093 8.965753 -0.784401 12
1094 4.980974 -0.435779 12
1095 5 0 -12
1096 9 0 -12
1097 10 0 -11
1098 10 0 -5
1099 11 0 -4
1100 34 0 -4
1101 36 0 -6
1102 50 0.000001 -6
1103 50 0.000001 -5
1104 42 0.000001 -1
1105 42 0.000001 1
1106 50 0.000001 5
1107 50 0.000001 6
1108 36 0 6
1109 34 0 4
1110 11 0 4
1111 10 0 5
1112 10 0 11
1113 9 0 12
1114 5 0 12
Faces:
 24 25 33 26 27 28 29 31 32 30 23 10 9 8 7 6 5 4 3 2.
 24 35 -36 25.
 25 36 37 33.
 33 37 38 26.
 26 38 39 27.
 27 39 -40 28.
 28 40 41 29.
 29 41 -42 31.
 31 42 43 32.
 32 43 44 30.
 30 44 45 23.
 23 45 46 10.
 10 46 47 9.
 9 47 -48 8.
 8 48 49 7.
 7 49 -50 6.
 6 50 51 5.
 5 51 52 4.
 4 52 53 3.
 3 53 -54 2.
 2 54 35 24.
 -35 55 -56 36.
 36 56 57 37.
 37 57 58 38.
 38 58 59 39.
 -39 59 -60 40.
 40 60 61 41.
 -41 61 -62 42.
 42 62 63 43.
 43 63 64 44.
 44 64 65 45.
 45 65 66 46.
 46 66 67 47.
 -47 67 -68 48.
 48 68 69 49.
 -49 69 -70 50.
 50 70 71 51.
 51 71 72 52.
 52 72 73 53.
 -53 73 -74 54.
 54 74 55 35.
 -55 75 -76 56.
 56 76 77 57.
 57 77 78 58.
 58 78 79 59.
 -59 79 -80 60.
 60 80 81 61.
 -61 81 -82 62.
 62 82 83 63.
 63 83 84 64.
 64 84 85 65.
 65 85 86 66.
 66 86 87 67.
 -67 87 -88 68.
 68 88 89 69.
 -69 89 -90 70.
 70 90 91 71.
 71 91 92 72.
 72 92 93 73.
 -73 93 -94 74.
 74 94 75 55.
 -75 95 -96 76.
 76 96 97 77.
 77 97 98 78.
 78 98 99 79.
 -79 99 -100 80.
 80 100 101 81.
 -81 101 -102 82.
 82 102 103 83.
 83 103 104 84.
 84 104 105 85.
 85 105 106 86.
 86 106 107 87.
 -87 107 -108 88.
 88 108 109 89.
 -89 109 -110 90.
 90 110 111 91.
 91 111 112 92.
 92 112 113 93.
 -93 113 -114 94.
 94 114 95 75.
 -95 115 -116 96.
 96 116 117 97.
 97 117 118 98.
 98 118 119 99.
 -99 119 -120 100.
 100 120 121 101.
 -101 121 -122 102.
 102 122 123 103.
 103 123 124 104.
 104 124 125 105.
 105 125 126 106.
 106 126 127 107.
 -107 127 -128 108.
 108 128 129 109.
 -109 129 -130 110.
 110 130 131 111.
 111 131 132 112.
 112 132 133 113.
 -113 133 -134 114.
 114 134 115 95.
 -115 135 -136 116.
 116 136 137 117.
 117 137 138 118.
 118 138 139 119.
 -119 139 -140 120.
 120 140 141 121.
 -121 141 -142 122.
 122 142 143 123.
 123 143 144 124.
 124 144 145 125.
 125 145 146 126.
 126 146 147 127.
 -127 147 -148 128.
 128 148 149 129.
 -129 149 -150 130.
 130 150 151 131.
 131 151 152 132.
 132 152 153 133.
 -133 153 -154 134.
 134 154 135 115.
 -135 155 -156 136.
 136 156 157 137.
 137 157 158 138.
 138 158 159 139.
 -139 159 -160 140.
 140 160 161 141.
 -141 161 -162 142.
 142 162 163 143.
 143 163 164 144.
 144 164 165 145.
 145 165 166 146.
 146 166 167 147.
 -147 167 -168 148.
 148 168 169 149.
 -149 169 -170 150.
 150 170 171 151.
 151 171 172 152.
 152 172 173 153.
 -153 173 -174 154.
 154 174 155 135.
 -155 175 -176 156.
 156 176 177 157.
 157 177 178 158.
 158 178 179 159.
 -159 179 -180 160.
 160 180 181 161.
 -161 181 -182 162.
 162 182 183 163.
 163 183 184 164.
 164 184 185 165.
 165 185 186 166.
 166 186 187 167.
 -167 187 -188 168.
 168 188 189 169.
 -169 189 -190 170.
 170 190 191 171.
 171 191 192 172.
 172 192 193 173.
 -173 193 -194 174.
 174 194 175 155.
 -175 195 -196 176.
 176 196 197 177.
 177 197 198 178.
 178 198 199 179.
 -179 199 -200 180.
 180 200 201 181.
 -181 201 -202 182.
 182 202 203 183.
 183 203 204 184.
 184 204 205 185.
 185 205 206 186.
 186 206 207 187.
 -187 207 -208 188.
 188 208 209 189.
 -189 209 -210 190.
 190 210 211 191.
 191 211 212 192.
 192 212 213 193.
 -193 213 -214 194.
 194 214 195 175.
 -195 215 -216 196.
 196 216 217 197.
 197 217 218 198.
 198 218 219 199.
 -199 219 -220 200.
 200 220 221 201.
 -201 221 -222 202.
 202 222 223 203.
 203 223 224 204.
 204 224 225 205.
 205 225 226 206.
 206 226 227 207.
 -207 227 -228 208.
 208 228 229 209.
 -209 229 -230 210.
 210 230 231 211.
 211 231 232 212.
 212 232 233 213.
 -213 233 -234 214.
 214 234 215 195.
 -215 235 -236 216.
 216 236 237 217.
 217 237 238 218.
 218 238 239 219.
 -219 239 -240 220.
 220 240 241 221.
 -221 241 -242 222.
 222 242 243 223.
 223 243 244 224.
 224 244 245 225.
 225 245 246 226.
 226 246 247 227.
 -227 247 -248 228.
 228 248 249 229.
 -229 249 -250 230.
 230 250 251 231.
 231 251 252 232.
 232 252 253 233.
 -233 253 -254 234.
 234 254 235 215.
 -235 255 -256 236.
 236 256 257 237.
 237 257 258 238.
 238 258 259 239.
 -239 259 -260 240.
 240 260 261 241.
 -241 261 -262 242.
 242 262 263 243.
 243 263 264 244.
 244 264 265 245.
 245 265 266 246.
 246 266 267 247.
 -247 267 -268 248.
 248 268 269 249.
 -249 269 -270 250.
 250 270 271 251.
 251 271 272 252.
 252 272 273 253.
 -253 273 -274 254.
 254 274 255 235.
 -255 275 -276 256.
 256 276 277 257.
 257 277 278 258.
 258 278 279 259.
 -259 279 -280 260.
 260 280 281 261.
 -261 281 -282 262.
 262 282 283 263.
 263 283 284 264.
 264 284 285 265.
 265 285 286 266.
 266 286 287 267.
 -267 287 -288 268.
 268 288 289 269.
 -269 289 -290 270.
 270 290 291 271.
 271 291 292 272.
 272 292 293 273.
 -273 293 -294 274.
 274 294 275 255.
 -275 295 -296 276.
 276 296 297 277.
 277 297 298 278.
 278 298 299 279.
 -279 299 -300 280.
 280 300 301 281.
 -281 301 -302 282.
 282 302 303 283.
 283 303 304 284.
 284 304 305 285.
 285 305 306 286.
 286 306 307 287.
 -287 307 -308 288.
 288 308 309 289.
 -289 309 -310 290.
 290 310 311 291.
 291 311 312 292.
 292 312 313 293.
 -293 313 -314 294.
 294 314 295 275.
 -295 315 -316 296.
 296 316 317 297.
 297 317 318 298.
 298 318 319 299.
 -299 319 -320 300.
 300 320 321 301.
 -301 321 -322 302.
 302 322 323 303.
 303 323 324 304.
 304 324 325 305.
 305 325 326 306.
 306 326 327 307.
 -307 327 -328 308.
 308 328 329 309.
 -309 329 -330 310.
 310 330 331 311.
 311 331 332 312.
 312 332 333 313.
 -313 333 -334 314.
 314 334 315 295.
 -315 335 -336 316.
 316 336 337 317.
 317 337 338 318.
 318 338 339 319.
 -319 339 -340 320.
 320 340 341 321.
 -321 341 -342 322.
 322 342 343 323.
 323 343 344 324.
 324 344 345 325.
 325 345 346 326.
 326 346 347 327.
 -327 347 -348 328.
 328 348 349 329.
 -329 349 -350 330.
 330 350 351 331.
 331 351 352 332.
 332 352 353 333.
 -333 353 -354 334.
 334 354 335 315.
 -335 355 -356 336.
 336 356 357 337.
 337 357 358 338.
 338 358 359 339.
 -339 359 -360 340.
 340 360 361 341.
 -341 361 -362 342.
 342 362 363 343.
 343 363 364 344.
 344 364 365 345.
 345 365 366 346.
 346 366 367 347.
 -347 367 -368 348.
 348 368 369 349.
 -349 369 -370 350.
 350 370 371 351.
 351 371 372 352.
 352 372 373 353.
 -353 373 -374 354.
 354 374 355 335.
 -355 375 -376 356.
 356 376 377 357.
 357 377 378 358.
 358 378 379 359.
 -359 379 -380 360.
 360 380 381 361.
 -361 381 -382 362.
 362 382 383 363.
 363 383 384 364.
 364 384 385 365.
 365 385 386 366.
 366 386 387 367.
 -367 387 -388 368.
 368 388 389 369.
 -369 389 -390 370.
 370 390 391 371.
 371 391 392 372.
 372 392 393 373.
 -373 393 -394 374.
 374 394 375 355.
 -375 395 -396 376.
 376 396 397 377.
 377 397 398 378.
 378 398 399 379.
 -379 399 -400 380.
 380 400 401 381.
 -381 401 -402 382.
 382 402 403 383.
 383 403 404 384.
 384 404 405 385.
 385 405 406 386.
 386 406 407 387.
 -387 407 -408 388.
 388 408 409 389.
 -389 409 -410 390.
 390 410 411 391.
 391 411 412 392.
 392 412 413 393.
 -393 413 -414 394.
 394 414 395 375.
 -395 415 -416 396.
 396 416 417 397.
 397 417 418 398.
 398 418 419 399.
 -399 419 -420 400.
 400 420 421 401.
 -401 421 -422 402.
 402 422 423 403.
 403 423 424 404.
 404 424 425 405.
 405 425 426 406.
 406 426 427 407.
 -407 427 -428 408.
 408 428 429 409.
 -409 429 -430 410.
 410 430 431 411.
 411 431 432 412.
 412 432 433 413.
 -413 433 -434 414.
 414 434 415 395.
 -415 435 -436 416.
 416 436 437 417.
 417 437 438 418.
 418 438 439 419.
 -419 439 -440 420.
 420 440 441 421.
 -421 441 -442 422.
 422 442 443 423.
 423 443 444 424.
 424 444 445 425.
 425 445 446 426.
 426 446 447 427.
 -427 447 -448 428.
 428 448 449 429.
 -429 449 -450 430.
 430 450 451 431.
 431 451 452 432.
 432 452 453 433.
 -433 453 -454 434.
 434 454 435 415.
 -435 455 -456 436.
 436 456 457 437.
 437 457 458 438.
 438 458 459 439.
 -439 459 -460 440.
 440 460 461 441.
 -441 461 -462 442.
 442 462 463 443.
 443 463 464 444.
 444 464 465 445.
 445 465 466 446.
 446 466 467 447.
 -447 467 -468 448.
 448 468 469 449.
 -449 469 -470 450.
 450 470 471 451.
 451 471 472 452.
 452 472 473 453.
 -453 473 -474 454.
 454 474 455 435.
 -455 475 -476 456.
 456 476 477 457.
 457 477 478 458.
 458 478 479 459.
 -459 479 -480 460.
 460 480 481 461.
 -461 481 -482 462.
 462 482 483 463.
 463 483 484 464.
 464 484 485 465.
 465 485 486 466.
 466 486 487 467.
 -467 487 -488 468.
 468 488 489 469.
 -469 489 -490 470.
 470 490 491 471.
 471 491 492 472.
 472 492 493 473.
 -473 493 -494 474.
 474 494 475 455.
 -475 495 -496 476.
 476 496 497 477.
 477 497 498 478.
 478 498 499 479.
 -479 499 -500 480.
 480 500 501 481.
 -481 501 -502 482.
 482 502 503 483.
 483 503 504 484.
 484 504 505 485.
 485 505 506 486.
 486 506 507 487.
 -487 507 -508 488.
 488 508 509 489.
 -489 509 -510 490.
 490 510 511 491.
 491 511 512 492.
 492 512 513 493.
 -493 513 -514 494.
 494 514 495 475.
 -495 515 -516 496.
 496 516 517 497.
 497 517 518 498.
 498 518 519 499.
 -499 519 -520 500.
 500 520 521 501.
 -501 521 -522 502.
 502 522 523 503.
 503 523 524 504.
 504 524 525 505.
 505 525 526 506.
 506 526 527 507.
 -507 527 -528 508.
 508 528 529 509.
 -509 529 -530 510.
 510 530 531 511.
 511 531 532 512.
 512 532 533 513.
 -513 533 -534 514.
 514 534 515 495.
 -515 535 -536 516.
 516 536 537 517.
 517 537 538 518.
 518 538 539 519.
 -519 539 -540 520.
 520 540 541 521.
 -521 541 -542 522.
 522 542 543 523.
 523 543 544 524.
 524 544 545 525.
 525 545 546 526.
 526 546 547 527.
 -527 547 -548 528.
 528 548 549 529.
 -529 549 -550 530.
 530 550 551 531.
 531 551 552 532.
 532 552 553 533.
 -533 553 -554 534.
 534 554 535 515.
 -535 555 -556 536.
 536 556 557 537.
 537 557 558 538.
 538 558 559 539.
 -539 559 -560 540.
 540 560 561 541.
 -541 561 -562 542.
 542 562 563 543.
 543 563 564 544.
 544 564 565 545.
 545 565 566 546.
 546 566 567 547.
 -547 567 -568 548.
 548 568 569 549.
 -549 569 -570 550.
 550 570 571 551.
 551 571 572 552.
 552 572 573 553.
 -553 573 -574 554.
 554 574 555 535.
 -555 575 -576 556.
 556 576 577 557.
 557 577 578 558.
 558 578 579 559.
 -559 579 -580 560.
 560 580 581 561.
 -561 581 -582 562.
 562 582 583 563.
 563 583 584 564.
 564 584 585 565.
 565 585 586 566.
 566 586 587 567.
 -567 587 -588 568.
 568 588 589 569.
 -569 589 -590 570.
 570 590 591 571.
 571 591 592 572.
 572 592 593 573.
 -573 593 -594 574.
 574 594 575 555.
 -575 595 -596 576.
 576 596 597 577.
 577 597 598 578.
 578 598 599 579.
 -579 599 -600 580.
 580 600 601 581.
 -581 601 -602 582.
 582 602 603 583.
 583 603 604 584.
 584 604 605 585.
 585 605 606 586.
 586 606 607 587.
 -587 607 -608 588.
 588 608 609 589.
 -589 609 -610 590.
 590 610 611 591.
 591 611 612 592.
 592 612 613 593.
 -593 613 -614 594.
 594 614 595 575.
 -595 615 -616 596.
 596 616 617 597.
 597 617 618 598.
 598 618 619 599.
 -599 619 -620 600.
 600 620 621 601.
 -601 621 -622 602.
 602 622 623 603.
 603 623 624 604.
 604 624 625 605.
 605 625 626 606.
 606 626 627 607.
 -607 627 -628 608.
 608 628 629 609.
 -609 629 -630 610.
 610 630 631 611.
 611 631 632 612.
 612 632 633 613.
 -613 633 -634 614.
 614 634 615 595.
 -615 635 -636 616.
 616 636 637 617.
 617 637 638 618.
 618 638 639 619.
 -619 639 -640 620.
 620 640 641 621.
 -621 641 -642 622.
 622 642 643 623.
 623 643 644 624.
 624 644 645 625.
 625 645 646 626.
 626 646 647 627.
 -627 647 -648 628.
 628 648 649 629.
 -629 649 -650 630.
 630 650 651 631.
 631 651 652 632.
 632 652 653 633.
 -633 653 -654 634.
 634 654 635 615.
 -635 655 -656 636.
 636 656 657 637.
 637 657 658 638.
 638 658 659 639.
 -639 659 -660 640.
 640 660 661 641.
 -641 661 -662 642.
 642 662 663 643.
 643 663 664 644.
 644 664 665 645.
 645 665 666 646.
 646 666 667 647.
 -647 667 -668 648.
 648 668 669 649.
 -649 669 -670 650.
 650 670 671 651.
 651 671 672 652.
 652 672 673 653.
 -653 673 -674 654.
 654 674 655 635.
 -655 675 -676 656.
 656 676 677 657.
 657 677 678 658.
 658 678 679 659.
 -659 679 -680 660.
 660 680 681 661.
 -661 681 -682 662.
 662 682 683 663.
 663 683 684 664.
 664 684 685 665.
 665 685 686 666.
 666 686 687 667.
 -667 687 -688 668.
 668 688 689 669.
 -669 689 -690 670.
 670 690 691 671.
 671 691 692 672.
 672 692 693 673.
 -673 693 -694 674.
 674 694 675 655.
 -675 695 -696 676.
 676 696 697 677.
 677 697 698 678.
 678 698 699 679.
 -679 699 -700 680.
 680 700 701 681.
 -681 701 -702 682.
 682 702 703 683.
 683 703 704 684.
 684 704 705 685.
 685 705 706 686.
 686 706 707 687.
 -687 707 -708 688.
 688 708 709 689.
 -689 709 -710 690.
 690 710 711 691.
 691 711 712 692.
 692 712 713 693.
 -693 713 -714 694.
 694 714 695 675.
 -695 715 -716 696.
 696 716 717 697.
 697 717 718 698.
 698 718 719 699.
 -699 719 -720 700.
 700 720 721 701.
 -701 721 -722 702.
 702 722 723 703.
 703 723 724 704.
 704 724 725 705.
 705 725 726 706.
 706 726 727 707.
 -707 727 -728 708.
 708 728 729 709.
 -709 729 -730 710.
 710 730 731 711.
 711 731 732 712.
 712 732 733 713.
 -713 733 -734 714.
 714 734 715 695.
 -715 735 -736 716.
 716 736 737 717.
 717 737 738 718.
 718 738 739 719.
 -719 739 -740 720.
 720 740 741 721.
 -721 741 -742 722.
 722 742 743 723.
 723 743 744 724.
 724 744 745 725.
 725 745 746 726.
 726 746 747 727.
 -727 747 -748 728.
 728 748 749 729.
 -729 749 -750 730.
 730 750 751 731.
 731 751 752 732.
 732 752 753 733.
 -733 753 -754 734.
 734 754 735 715.
 -735 755 -756 736.
 736 756 757 737.
 737 757 758 738.
 738 758 759 739.
 -739 759 -760 740.
 740 760 761 741.
 -741 761 -762 742.
 742 762 763 743.
 743 763 764 744.
 744 764 765 745.
 745 765 766 746.
 746 766 767 747.
 -747 767 -768 748.
 748 768 769 749.
 -749 769 -770 750.
 750 770 771 751.
 751 771 772 752.
 752 772 773 753.
 -753 773 -774 754.
 754 774 755 735.
 -755 775 -776 756.
 756 776 777 757.
 757 777 778 758.
 758 778 779 759.
 -759 779 -780 760.
 760 780 781 761.
 -761 781 -782 762.
 762 782 783 763.
 763 783 784 764.
 764 784 785 765.
 765 785 786 766.
 766 786 787 767.
 -767 787 -788 768.
 768 788 789 769.
 -769 789 -790 770.
 770 790 791 771.
 771 791 792 772.
 772 792 793 773.
 -773 793 -794 774.
 774 794 775 755.
 -775 795 -796 776.
 776 796 797 777.
 777 797 798 778.
 778 798 799 779.
 -779 799 -800 780.
 780 800 801 781.
 -781 801 -802 782.
 782 802 803 783.
 783 803 804 784.
 784 804 805 785.
 785 805 806 786.
 786 806 807 787.
 -787 807 -808 788.
 788 808 809 789.
 -789 809 -810 790.
 790 810 811 791.
 791 811 812 792.
 792 812 813 793.
 -793 813 -814 794.
 794 814 795 775.
 -795 815 -816 796.
 796 816 817 797.
 797 817 818 798.
 798 818 819 799.
 -799 819 -820 800.
 800 820 821 801.
 -801 821 -822 802.
 802 822 823 803.
 803 823 824 804.
 804 824 825 805.
 805 825 826 806.
 806 826 827 807.
 -807 827 -828 808.
 808 828 829 809.
 -809 829 -830 810.
 810 830 831 811.
 811 831 832 812.
 812 832 833 813.
 -813 833 -834 814.
 814 834 815 795.
 -815 835 -836 816.
 816 836 837 817.
 817 837 838 818.
 818 838 839 819.
 -819 839 -840 820.
 820 840 841 821.
 -821 841 -842 822.
 822 842 843 823.
 823 843 844 824.
 824 844 845 825.
 825 845 846 826.
 826 846 847 827.
 -827 847 -848 828.
 828 848 849 829.
 -829 849 -850 830.
 830 850 851 831.
 831 851 852 832.
 832 852 853 833.
 -833 853 -854 834.
 834 854 835 815.
 -835 855 -856 836.
 836 856 857 837.
 837 857 858 838.
 838 858 859 839.
 -839 859 -860 840.
 840 860 861 841.
 -841 861 -862 842.
 842 862 863 843.
 843 863 864 844.
 844 864 865 845.
 845 865 866 846.
 846 866 867 847.
 -847 867 -868 848.
 848 868 869 849.
 -849 869 -870 850.
 850 870 871 851.
 851 871 872 852.
 852 872 873 853.
 -853 873 -874 854.
 854 874 855 835.
 -855 875 -876 856.
 856 876 877 857.
 857 877 878 858.
 858 878 879 859.
 -859 879 -880 860.
 860 880 881 861.
 -861 881 -882 862.
 862 882 883 863.
 863 883 884 864.
 864 884 885 865.
 865 885 886 866.
 866 886 887 867.
 -867 887 -888 868.
 868 888 889 869.
 -869 889 -890 870.
 870 890 891 871.
 871 891 892 872.
 872 892 893 873.
 -873 893 -894 874.
 874 894 875 855.
 -875 895 -896 876.
 876 896 897 877.
 877 897 898 878.
 878 898 899 879.
 -879 899 -900 880.
 880 900 901 881.
 -881 901 -902 882.
 882 902 903 883.
 883 903 904 884.
 884 904 905 885.
 885 905 906 886.
 886 906 907 887.
 -887 907 -908 888.
 888 908 909 889.
 -889 909 -910 890.
 890 910 911 891.
 891 911 912 892.
 892 912 913 893.
 -893 913 -914 894.
 894 914 895 875.
 -895 915 -916 896.
 896 916 917 897.
 897 917 918 898.
 898 918 919 899.
 -899 919 -920 900.
 900 920 921 901.
 -901 921 -922 902.
 902 922 923 903.
 903 923 924 904.
 904 924 925 905.
 905 925 926 906.
 906 926 927 907.
 -907 927 -928 908.
 908 928 929 909.
 -909 929 -930 910.
 910 930 931 911.
 911 931 932 912.
 912 932 933 913.
 -913 933 -934 914.
 914 934 915 895.
 -915 935 -936 916.
 916 936 937 917.
 917 937 938 918.
 918 938 939 919.
 -919 939 -940 920.
 920 940 941 921.
 -921 941 -942 922.
 922 942 943 923.
 923 943 944 924.
 924 944 945 925.
 925 945 946 926.
 926 946 947 927.
 -927 947 -948 928.
 928 948 949 929.
 -929 949 -950 930.
 930 950 951 931.
 931 951 952 932.
 932 952 953 933.
 -933 953 -954 934.
 934 954 935 915.
 -935 955 -956 936.
 936 956 957 937.
 937 957 958 938.
 938 958 959 939.
 -939 959 -960 940.
 940 960 961 941.
 -941 961 -962 942.
 942 962 963 943.
 943 963 964 944.
 944 964 965 945.
 945 965 966 946.
 946 966 967 947.
 -947 967 -968 948.
 948 968 969 949.
 -949 969 -970 950.
 950 970 971 951.
 951 971 972 952.
 952 972 973 953.
 -953 973 -974 954.
 954 974 955 935.
 -955 975 -976 956.
 956 976 977 957.
 957 977 978 958.
 958 978 979 959.
 -959 979 -980 960.
 960 980 981 961.
 -961 981 -982 962.
 962 982 983 963.
 963 983 984 964.
 964 984 985 965.
 965 985 986 966.
 966 986 987 967.
 -967 987 -988 968.
 968 988 989 969.
 -969 989 -990 970.
 970 990 991 971.
 971 991 992 972.
 972 992 993 973.
 -973 993 -994 974.
 974 994 975 955.
 -975 995 -996 976.
 976 996 997 977.
 977 997 998 978.
 978 998 999 979.
 -979 999 -1000 980.
 980 1000 1001 981.
 -981 1001 -1002 982.
 982 1002 1003 983.
 983 1003 1004 984.
 984 1004 1005 985.
 985 1005 1006 986.
 986 1006 1007 987.
 -987 1007 -1008 988.
 988 1008 1009 989.
 -989 1009 -1010 990.
 990 1010 1011 991.
 991 1011 1012 992.
 992 1012 1013 993.
 -993 1013 -1014 994.
 994 1014 995 975.
 -995 1015 -1016 996.
 996 1016 1017 997.
 997 1017 1018 998.
 998 1018 1019 999.
 -999 1019 -1020 1000.
 1000 1020 1021 1001.
 -1001 1021 -1022 1002.
 1002 1022 1023 1003.
 1003 1023 1024 1004.
 1004 1024 1025 1005.
 1005 1025 1026 1006.
 1006 1026 1027 1007.
 -1007 1027 -1028 1008.
 1008 1028 1029 1009.
 -1009 1029 -1030 1010.
 1010 1030 1031 1011.
 1011 1031 1032 1012.
 1012 1032 1033 1013.
 -1013 1033 -1034 1014.
 1014 1034 1015 995.
 -1015 1035 -1036 1016.
 1016 1036 1037 1017.
 1017 1037 1038 1018.
 1018 1038 1039 1019.
 -1019 1039 -1040 1020.
 1020 1040 1041 1021.
 -1021 1041 -1042 1022.
 1022 1042 1043 1023.
 1023 1043 1044 1024.
 1024 1044 1045 1025.
 1025 1045 1046 1026.
 1026 1046 1047 1027.
 -1027 1047 -1048 1028.
 1028 1048 1049 1029.
 -1029 1049 -1050 1030.
 1030 1050 1051 1031.
 1031 1051 1052 1032.
 1032 1052 1053 1033.
 -1033 1053 -1054 1034.
 1034 1054 1035 1015.
 -1035 1055 -1056 1036.
 1036 1056 1057 1037.
 1037 1057 1058 1038.
 1038 1058 1059 1039.
 -1039 1059 -1060 1040.
 1040 1060 1061 1041.
 -1041 1061 -1062 1042.
 1042 1062 1063 1043.
 1043 1063 1064 1044.
 1044 1064 1065 1045.
 1045 1065 1066 1046.
 1046 1066 1067 1047.
 -1047 1067 -1068 1048.
 1048 1068 1069 1049.
 -1049 1069 -1070 1050.
 1050 1070 1071 1051.
 1051 1071 1072 1052.
 1052 1072 1073 1053.
 -1053 1073 -1074 1054.
 1054 1074 1055 1035.
 -1055 1075 -1076 1056.
 1056 1076 1077 1057.
 1057 1077 1078 1058.
 1058 1078 1079 1059.
 -1059 1079 -1080 1060.
 1060 1080 1081 1061.
 -1061 1081 -1082 1062.
 1062 1082 1083 1063.
 1063 1083 1084 1064.
 1064 1084 1085 1065.
 1065 1085 1086 1066.
 1066 1086 1087 1067.
 -1067 1087 -1088 1068.
 1068 1088 1089 1069.
 -1069 1089 -1090 1070.
 1070 1090 1091 1071.
 1071 1091 1092 1072.
 1072 1092 1093 1073.
 -1073 1093 -1094 1074.
 1074 1094 1075 1055.
 -1075 1095 1096 1076.
 1076 1096 1097 1077.
 1077 1097 1098 1078.
 1078 1098 1099 1079.
 -1079 1099 1100 1080.
 1080 1100 1101 1081.
 -1081 1101 1102 1082.
 1082 1102 1103 1083.
 1083 1103 1104 1084.
 1084 1104 1105 1085.
 1085 1105 1106 1086.
 1086 1106 1107 1087.
 -1087 1107 1108 1088.
 1088 1108 1109 1089.
 -1089 1109 1110 1090.
 1090 1110 1111 1091.
 1091 1111 1112 1092.
 1092 1112 1113 1093.
 -1093 1113 1114 1094.
 1094 1114 1095 1075.
 1097 1096 1095 1114 1113 1112 1111 1110 1109 1108 1107 1106 1105 1104 1103 1102 1101 1100 1099 1098.
